Loci	N30	T30	O30	N30p	T30p	O30p	N20	T20	N20p	T20p
01_11028227	0.209	0.281	0.236	0.251	0.217	0.071	0.189	0.277	0.276	0.228
01_23416158	-0.070	0.370	0.132	0.793	0.119	0.309	-0.088	0.364	0.755	0.151
01_23416385	0.000	-0.000	-0.000	1.000	1.000	1.000	0.000	-0.000	1.000	1.000
01_24898306	1.000	-0.000	0.728	0.023	1.000	0.023	NA	NA	NA	NA
01_28115838	-0.059	0.359	0.166	0.539	0.033	0.101	-0.107	0.305	0.410	0.068
01_38259617	NA	-0.014	-0.013	NA	0.985	0.985	NA	-0.016	NA	0.985
01_41133456	0.000	0.000	-0.000	1.000	1.000	1.000	0.000	0.000	1.000	1.000
01_46132350	NA	-0.015	-0.014	NA	0.986	0.986	NA	0.000	NA	1.000
01_50209217	-0.138	0.098	-0.023	0.518	0.463	0.470	-0.127	-0.100	0.587	0.710
01_50209426	0.081	-0.115	-0.007	0.532	0.642	0.718	0.106	-0.119	0.512	0.629
01_50209565	0.000	1.000	0.660	1.000	0.015	0.015	0.000	1.000	1.000	0.022
01_52129252	-0.014	NA	-0.013	0.985	NA	0.985	-0.017	NA	0.981	NA
01_52129283	-0.000	1.000	0.686	1.000	0.016	0.016	NA	1.000	NA	0.011
01_52129308	-0.000	1.000	0.673	1.000	0.017	0.017	NA	1.000	NA	0.020
01_52129465	-0.075	0.131	0.045	0.802	0.416	0.524	-0.088	-0.100	0.756	0.729
01_56475299	0.000	0.000	0.000	1.000	1.000	1.000	0.000	NA	1.000	NA
01_62505063	0.185	0.147	0.167	0.205	0.314	0.094	0.101	0.159	0.443	0.344
01_62505248	0.210	0.133	0.174	0.193	0.366	0.094	0.224	0.159	0.181	0.347
01_67566001	-0.013	NA	-0.013	0.988	NA	0.988	NA	NA	NA	NA
01_68924586	NA	-0.016	-0.015	NA	0.983	0.983	NA	-0.016	NA	0.989
01_75294824	0.021	0.140	0.081	0.621	0.320	0.331	0.016	0.066	0.609	0.538
01_79376242	-0.000	0.661	0.493	1.000	0.046	0.046	0.000	-0.000	1.000	1.000
01_79376427	NA	-0.014	-0.014	NA	0.986	0.986	NA	-0.015	NA	0.985
01_79376603	0.000	-0.000	-0.000	1.000	1.000	1.000	-0.000	0.000	1.000	1.000
01_81821673	-0.152	0.206	0.032	0.318	0.175	0.473	-0.265	0.034	0.154	0.598
01_84118179	0.537	-0.063	0.249	0.001	0.466	0.042	0.510	-0.164	0.008	0.275
01_94194544	0.291	0.108	0.202	0.066	0.374	0.039	0.183	-0.060	0.245	0.505
01_95401961	0.060	0.002	0.030	0.561	0.711	0.464	-0.127	-0.158	0.598	0.460
01_96494873	NA	-0.013	-0.013	NA	0.985	0.985	NA	-0.015	NA	0.989
01_109838938	-0.000	-0.000	-0.000	1.000	1.000	1.000	0.000	-0.000	1.000	1.000
01_119636207	0.000	1.000	0.684	1.000	0.020	0.020	-0.000	1.000	1.000	0.020
01_120885600	-0.164	-0.079	-0.132	0.435	0.768	0.334	-0.143	-0.069	0.584	0.840
01_122207349	0.069	0.385	0.237	0.515	0.025	0.031	0.147	0.238	0.373	0.159
01_122207372	0.069	0.385	0.237	0.491	0.027	0.039	0.147	0.238	0.375	0.160
01_124189924	-0.140	0.179	0.022	0.317	0.191	0.503	-0.185	0.192	0.256	0.234
01_125761843	0.134	-0.194	-0.056	0.408	0.282	0.265	0.111	-0.222	0.471	0.226
01_128247733	-0.037	0.477	0.252	0.944	0.100	0.150	-0.040	0.477	0.952	0.087
01_128247812	-0.015	0.483	0.306	0.983	0.087	0.103	-0.017	0.480	0.985	0.090
01_128248107	0.060	0.098	0.078	0.595	0.447	0.370	0.111	0.077	0.470	0.546
01_130768460	0.000	-0.000	-0.000	1.000	1.000	1.000	0.000	NA	1.000	NA
01_130768481	0.000	-0.000	-0.000	1.000	1.000	1.000	0.000	NA	1.000	NA
01_132161340	-0.021	NA	-0.025	0.977	NA	 0.977	-0.022	NA	0.977	NA
01_134339469	-0.036	-0.018	-0.028	0.941	0.987	0.929	-0.042	-0.018	0.926	0.987
01_134339611	-0.045	-0.030	-0.038	0.904	0.964	0.870	-0.053	-0.033	0.902	0.947
01_136262865	-0.095	-0.050	-0.071	0.463	0.520	0.311	-0.107	-0.195	0.455	0.239
01_137942480	-0.000	-0.000	-0.000	1.000	1.000	1.000	0.000	0.000	1.000	1.000
01_141416290	0.661	NA	0.661	0.050	NA	 0.050	NA	NA	NA	NA
01_141416291	NA	-0.015	-0.016	NA	0.983	 0.983	NA	-0.016	NA	0.979
01_141416449	-0.041	0.172	0.101	0.920	0.372	0.372	-0.033	-0.082	0.954	0.772
01_141747371	NA	-0.048	-0.046	NA	0.913	 0.913	NA	-0.034	NA	0.935
01_141747373	NA	-0.015	-0.013	NA	0.985	 0.985	NA	-0.017	NA	0.988
01_141747526	-0.000	-0.000	-0.000	1.000	1.000	1.000	0.000	NA	1.000	NA
01_141747584	-0.000	0.000	-0.000	1.000	1.000	1.000	0.000	-0.000	1.000	1.000
01_141747720	-0.004	0.201	0.097	0.637	0.172	0.252	0.000	0.074	0.638	0.457
01_142777398	-0.015	NA	-0.015	0.984	NA	 0.984	-0.017	NA	0.988	NA
01_143778631	0.267	-0.103	0.113	0.130	0.482	0.160	0.255	-0.097	0.147	0.509
01_148592313	0.308	0.160	0.222	0.096	0.258	0.036	0.283	0.160	0.135	0.288
01_153606830	0.022	-0.257	-0.114	0.585	0.093	0.199	-0.093	-0.274	0.456	0.112
01_165339331	-0.000	-0.000	-0.000	1.000	1.000	1.000	NA	0.000	NA	1.000
01_165339396	0.409	0.200	0.302	0.035	0.265	0.025	0.358	0.183	0.104	0.302
01_165339417	0.072	0.477	0.205	0.549	0.099	0.077	0.097	0.477	0.520	0.097
01_165358767	-0.000	-0.034	-0.027	1.000	0.954	0.954	0.000	-0.037	1.000	0.950
01_165358768	NA	-0.016	-0.017	NA	0.984	 0.984	NA	-0.018	NA	0.974
01_165359013	0.000	-0.028	-0.021	1.000	0.963	0.963	0.000	-0.031	1.000	0.957
01_167847499	-0.028	-0.030	-0.029	0.959	0.951	0.910	-0.033	-0.032	0.942	0.953
01_167847500	-0.014	-0.046	-0.036	0.989	0.903	0.893	-0.016	-0.049	0.989	0.914
01_168420638	0.226	0.319	0.285	0.245	0.064	0.019	0.213	0.077	0.299	0.564
01_173032967	0.310	0.086	0.169	0.141	0.442	0.089	0.296	-0.054	0.151	0.524
01_173528659	0.315	0.050	0.159	0.075	0.502	0.139	0.398	-0.019	0.049	0.608
01_174770998	-0.056	NA	-0.062	0.913	NA	 0.913	-0.059	NA	0.916	NA
01_174771084	0.268	0.062	0.163	0.153	0.485	0.132	0.152	0.014	0.354	0.586
01_179522560	0.412	-0.007	0.201	0.034	0.695	0.038	0.398	-0.158	0.054	0.477
01_190679640	NA	0.660	0.660	NA	0.038	 0.038	NA	0.659	NA	0.035
01_190679892	0.291	0.007	0.148	0.083	0.596	0.089	0.321	-0.059	0.091	0.519
01_195604064	0.355	0.053	0.216	0.063	0.576	0.044	0.247	0.039	0.205	0.632
01_203108252	0.360	-0.000	0.309	0.158	1.000	0.158	0.353	-0.000	0.182	1.000
01_206014856	-0.057	0.479	0.206	0.857	0.090	0.094	-0.069	0.478	0.858	0.109
01_210043055	-0.070	-0.013	-0.056	0.807	0.982	0.791	-0.051	-0.015	0.903	0.994
01_212589622	NA	-0.017	-0.017	NA	0.988	 0.988	NA	-0.018	NA	0.978
01_212589814	0.151	0.024	0.088	0.287	0.573	0.228	0.133	-0.102	0.359	0.448
01_219991945	0.241	0.140	0.187	0.144	0.336	0.057	0.094	0.160	0.482	0.280
01_220915684	-0.000	-0.000	-0.000	1.000	1.000	1.000	0.000	NA	1.000	NA
01_221138334	-0.104	0.216	0.057	0.649	0.322	0.346	-0.091	0.208	0.779	0.323
01_221356770	0.449	0.290	0.382	0.040	0.186	0.008	0.439	0.283	0.044	0.218
01_221767865	-0.138	0.131	-0.010	0.499	0.425	0.466	-0.148	0.115	0.548	0.473
01_228233101	0.338	0.147	0.259	0.046	0.370	0.028	0.156	0.176	0.351	0.334
01_233829552	-0.060	0.274	0.085	0.580	0.152	0.361	-0.216	0.118	0.275	0.462
01_233829894	NA	-0.018	-0.018	NA	0.978	 0.978	NA	-0.019	NA	0.978
01_234495783	-0.013	-0.000	-0.009	0.992	1.000	0.992	-0.016	-0.000	0.979	1.000
01_237404464	0.660	NA	0.660	0.039	NA	 0.039	0.659	NA	0.043	NA
01_238565555	0.016	0.409	0.218	0.615	0.014	0.048	-0.037	0.421	0.622	0.016
01_241183771	0.035	0.147	0.086	0.573	0.321	0.298	-0.081	0.205	0.529	0.257
01_242247854	-0.088	0.054	-0.010	0.523	0.536	0.570	-0.081	0.023	0.543	0.602
01_242247913	-0.014	NA	-0.014	0.983	NA	 0.983	0.000	NA	1.000	NA
01_242247966	0.000	-0.000	-0.000	1.000	1.000	1.000	NA	0.000	NA	1.000
01_242248019	-0.014	NA	-0.013	0.987	NA	 0.987	-0.016	NA	0.982	NA
01_242943300	-0.167	1.000	0.033	0.445	0.013	0.560	-0.170	NA	0.424	NA
01_242943433	-0.294	-0.191	-0.249	0.105	0.411	0.046	-0.304	-0.200	0.098	0.371
01_246631673	-0.028	-0.030	-0.029	0.961	0.957	0.920	-0.033	-0.016	0.946	0.981
01_252492750	-0.017	NA	-0.017	0.991	NA	 0.991	-0.020	NA	0.982	NA
01_253203925	-0.088	-0.086	-0.087	0.438	0.427	0.254	-0.202	-0.188	0.199	0.248
01_253204033	-0.029	-0.026	-0.028	0.959	0.951	0.912	-0.016	-0.015	0.989	0.978
01_253204313	0.405	0.224	0.316	0.018	0.229	0.011	0.319	0.206	0.085	0.260
01_266797020	0.400	0.214	0.310	0.035	0.160	0.007	0.519	0.160	0.006	0.322
01_269665587	0.273	0.140	0.208	0.084	0.311	0.051	0.200	0.055	0.221	0.508
01_270180721	0.588	0.069	0.318	0.007	0.482	0.006	0.537	-0.030	0.006	0.579
01_278602450	0.023	0.258	0.141	0.597	0.105	0.152	-0.043	0.132	0.550	0.334
01_281678357	-0.226	0.117	-0.038	0.171	0.351	0.326	-0.222	-0.060	0.205	0.506
01_281678752	0.149	0.297	0.224	0.298	0.101	0.043	0.065	0.277	0.520	0.139
01_281678768	0.085	0.233	0.161	0.487	0.174	0.108	-0.006	0.211	0.685	0.228
01_282192301	0.027	-0.051	-0.014	0.575	0.513	0.505	-0.237	-0.128	0.192	0.368
01_293453127	0.000	-0.013	-0.007	1.000	0.987	0.987	0.000	-0.000	1.000	1.000
01_293453128	0.000	-0.041	-0.026	1.000	0.930	0.930	0.000	-0.031	1.000	0.952
01_293453129	0.000	-0.027	-0.015	1.000	0.967	0.967	0.000	-0.015	1.000	0.989
01_293453130	0.000	-0.027	-0.015	1.000	0.954	0.954	0.000	-0.015	1.000	0.981
01_293453253	0.650	-0.043	0.299	0.003	0.551	0.012	0.598	-0.059	0.005	0.487
01_293585709	0.282	0.363	0.320	0.088	0.047	0.011	0.242	0.340	0.171	0.064
01_298437490	-0.046	NA	-0.045	0.922	NA	 0.922	-0.055	NA	0.917	NA
01_301993146	-0.134	0.053	-0.043	0.330	0.500	0.352	-0.240	-0.015	0.155	0.580
01_302929612	0.226	0.660	0.372	0.275	0.040	0.011	-0.069	0.660	0.837	0.054
01_303629686	0.527	-0.040	0.349	0.024	0.917	0.024	0.635	-0.048	0.016	0.894
01_305538566	0.333	0.228	0.282	0.037	0.130	0.012	0.310	0.133	0.102	0.387
01_313099866	NA	-0.727	-0.727	NA	0.001	 0.001	NA	-0.784	NA	0.001
01_313099870	NA	-0.767	-0.767	NA	0.001	 0.001	NA	-0.833	NA	0.001
01_313099871	NA	-0.013	-0.013	NA	0.983	 0.983	NA	-0.000	NA	1.000
01_313099875	NA	-0.520	-0.520	NA	0.001	 0.001	NA	-0.500	NA	0.004
01_318744015	-0.023	0.152	0.061	0.638	0.310	0.360	-0.163	0.074	0.336	0.506
01_318744033	0.036	0.152	0.090	0.551	0.288	0.271	-0.186	0.074	0.271	0.515
01_318744090	-0.000	-0.013	-0.008	1.000	0.984	0.984	0.000	-0.015	1.000	0.986
01_318759056	0.035	0.028	0.032	0.583	0.586	0.439	-0.081	-0.065	0.548	0.573
01_318759175	-0.027	NA	-0.027	0.968	NA	 0.968	-0.016	NA	0.984	NA
01_318759177	-0.014	NA	-0.014	0.987	NA	 0.987	-0.000	NA	1.000	NA
01_325107312	0.268	0.274	0.271	0.148	0.138	0.026	0.303	0.118	0.157	0.472
01_325862725	0.000	-0.000	-0.000	1.000	1.000	1.000	-0.000	-0.000	1.000	1.000
01_327115557	-0.014	-0.000	-0.010	0.980	1.000	0.980	-0.000	-0.000	1.000	1.000
01_328647451	-0.013	NA	-0.013	0.988	NA	 0.988	0.000	NA	1.000	NA
01_328647496	-0.057	-0.056	-0.056	0.866	0.853	0.741	-0.071	-0.065	0.825	0.861
01_329521922	0.089	0.110	0.100	0.421	0.337	0.217	-0.048	0.074	0.535	0.455
01_335345879	-0.179	0.113	-0.032	0.212	0.348	0.355	-0.114	0.070	0.400	0.494
01_339105961	0.081	-0.180	-0.077	0.491	0.258	0.397	0.062	-0.320	0.579	0.059
01_339983481	-0.016	NA	-0.015	0.981	NA	 0.981	-0.018	NA	0.978	NA
01_339983575	0.197	0.308	0.253	0.207	0.089	0.030	0.089	0.249	0.433	0.113
01_340564890	1.000	-0.026	0.397	0.012	0.965	0.012	NA	-0.015	NA	0.982
01_341241612	0.000	1.000	0.667	1.000	0.012	0.012	0.000	1.000	1.000	0.022
01_351776256	0.220	-0.026	0.149	0.283	0.962	0.283	-0.059	-0.031	0.880	0.966
01_351776337	-0.088	-0.026	-0.070	0.723	0.975	0.702	-0.071	-0.031	0.841	0.953
02_4385667	0.000	-0.000	-0.002	1.000	1.000	1.000	-0.000	-0.000	1.000	1.000
02_4385695	0.000	-0.000	-0.002	1.000	1.000	1.000	-0.000	-0.000	1.000	1.000
02_5228704	0.630	0.179	0.432	0.016	0.336	0.007	0.782	-0.065	0.023	0.862
02_7506296	NA	-0.027	-0.021	NA	0.963	0.963	NA	-0.015	NA	0.985
02_7506297	NA	-0.027	-0.021	NA	0.959	0.959	NA	-0.031	NA	0.958
02_23835526	0.000	0.000	-0.000	1.000	1.000	1.000	0.000	0.000	1.000	1.000
02_23877727	-0.000	-0.000	-0.000	1.000	1.000	1.000	0.000	0.000	1.000	1.000
02_24698394	0.070	0.170	0.117	0.463	0.231	0.182	0.089	0.119	0.461	0.403
02_31254938	0.381	-0.059	0.216	0.065	0.854	0.115	0.362	-0.067	0.149	0.864
02_35716336	0.228	0.265	0.246	0.135	0.108	0.019	0.094	0.202	0.429	0.213
02_35716522	-0.030	0.365	0.217	0.957	0.153	0.153	-0.034	0.479	0.959	0.091
02_35963652	-0.077	-0.026	-0.061	0.805	0.969	0.781	-0.094	-0.015	0.751	0.985
02_35963706	-0.072	-0.013	-0.057	0.832	0.985	0.817	-0.088	-0.016	0.776	0.986
02_35963754	-0.057	-0.013	-0.045	0.868	0.993	0.861	-0.069	-0.016	0.856	0.988
02_36057927	-0.075	-0.014	-0.059	0.811	0.988	0.800	-0.091	-0.016	0.777	0.984
02_36058025	-0.079	-0.015	-0.063	0.794	0.981	0.781	-0.094	-0.017	0.778	0.989
02_41864952	-0.013	-0.040	-0.031	0.989	0.931	0.923	0.000	-0.031	1.000	0.962
02_42422296	0.043	0.409	0.223	0.547	0.011	0.030	-0.033	0.341	0.603	0.052
02_43229121	0.080	0.002	0.046	0.410	0.657	0.357	0.046	0.074	0.554	0.532
02_52246829	-0.088	-0.048	-0.072	0.756	0.911	0.679	-0.107	-0.051	0.714	0.912
02_52247137	-0.213	0.179	-0.026	0.166	0.187	0.355	-0.185	0.256	0.249	0.137
02_54280069	0.100	0.283	0.195	0.414	0.131	0.072	-0.046	0.322	0.662	0.115
02_56553389	-0.108	-0.000	-0.095	0.669	1.000	0.669	-0.069	0.000	0.826	1.000
02_57244487	-0.014	-0.014	-0.014	0.980	0.982	0.962	-0.016	-0.015	0.989	0.984
02_57244488	-0.014	-0.000	-0.009	0.980	1.000	0.980	-0.016	-0.000	0.991	1.000
02_60935377	0.290	0.453	0.382	0.180	0.034	0.006	0.279	-0.031	0.234	0.963
02_60935491	0.290	0.229	0.258	0.187	0.248	0.059	0.279	-0.031	0.222	0.939
02_60935498	0.290	0.229	0.258	0.181	0.248	0.052	0.279	-0.031	0.235	0.945
02_67095246	-0.014	NA	-0.014	0.987	NA	0.987	-0.018	NA	0.986	NA
02_74638861	-0.015	NA	-0.016	0.988	NA	0.988	-0.017	NA	0.981	NA
02_80056933	0.370	0.069	0.196	0.090	0.511	0.058	0.205	0.034	0.326	0.605
02_81916022	0.226	-0.014	0.170	0.250	0.981	0.262	-0.069	-0.015	0.845	0.986
02_86650368	0.000	-0.027	-0.018	1.000	0.956	0.956	NA	-0.000	NA	1.000
02_86650443	NA	-0.013	-0.008	NA	0.986	0.986	NA	-0.015	NA	0.982
02_86650449	0.000	-0.013	-0.007	1.000	0.989	0.989	0.000	-0.000	1.000	1.000
02_89708636	0.343	0.102	0.236	0.075	0.502	0.072	0.338	0.143	0.078	0.416
02_91402069	NA	-0.016	-0.017	NA	0.982	0.982	NA	-0.017	NA	0.989
02_93850979	0.063	0.074	0.069	0.458	0.441	0.304	-0.048	0.043	0.523	0.535
02_105154286	-0.065	0.222	0.097	0.852	0.266	0.370	-0.074	0.216	0.837	0.302
02_116233139	-0.129	-0.031	-0.083	0.379	0.637	0.289	-0.333	-0.043	0.086	0.561
02_116427380	-0.333	0.247	-0.023	0.032	0.095	0.564	-0.378	0.256	0.040	0.152
02_116765176	0.000	-0.000	-0.000	1.000	1.000	1.000	NA	0.000	NA	1.000
02_116765242	0.355	0.167	0.253	0.177	0.358	0.074	-0.045	0.158	0.931	0.395
02_117190028	0.222	-0.121	0.036	0.267	0.584	0.311	-0.071	-0.143	0.853	0.512
02_117190124	-0.014	-0.111	-0.091	0.988	0.657	0.647	0.000	-0.088	1.000	0.785
02_117190125	-0.000	-0.045	-0.036	1.000	0.913	0.913	-0.000	-0.033	1.000	0.954
02_117190130	NA	-0.014	-0.014	NA	0.987	 0.987	NA	-0.016	NA	0.977
02_123951633	0.059	0.480	0.236	0.469	0.009	0.015	-0.073	0.463	0.481	0.014
02_132858649	NA	-0.028	-0.028	NA	0.950	 0.950	NA	-0.015	NA	0.989
02_138615473	-0.063	-0.209	-0.136	0.504	0.182	0.116	0.016	-0.277	0.626	0.103
02_139175051	0.538	-0.010	0.233	0.003	0.639	0.041	0.464	-0.081	0.018	0.491
02_140525851	0.472	0.039	0.243	0.008	0.540	0.034	0.404	-0.119	0.049	0.350
02_152666407	-0.029	-0.000	-0.022	0.957	1.000	0.957	-0.036	0.000	0.948	1.000
02_156146225	-0.002	-0.088	-0.049	0.748	0.507	0.512	-0.192	-0.130	0.343	0.443
02_156146423	0.014	-0.067	-0.029	0.649	0.566	0.541	-0.010	-0.097	0.703	0.504
02_160645366	-0.014	NA	-0.014	0.987	NA	 0.987	0.000	NA	1.000	NA
02_160645442	-0.045	0.274	0.177	0.923	0.132	0.164	-0.034	-0.100	0.943	0.716
02_163764834	-0.032	0.226	0.104	0.654	0.182	0.272	0.028	0.197	0.654	0.242
02_163765072	NA	-0.015	-0.016	NA	0.987	 0.987	NA	-0.016	NA	0.986
02_166280096	0.165	-0.039	0.067	0.231	0.567	0.326	0.031	-0.032	0.578	0.605
02_169338306	NA	0.370	0.375	NA	0.128	 0.128	NA	-0.015	NA	0.983
02_176569281	0.218	-0.015	0.102	0.151	0.599	0.240	0.177	-0.077	0.273	0.496
02_176598703	0.069	0.271	0.156	0.499	0.137	0.158	0.101	0.165	0.444	0.362
02_179854997	-0.050	-0.028	-0.043	0.933	0.952	0.889	-0.056	-0.015	0.920	0.986
02_179854999	-0.024	-0.014	-0.022	0.977	0.985	0.963	-0.027	-0.000	0.970	1.000
02_180027230	NA	0.661	0.661	NA	0.030	 0.030	NA	-0.000	NA	1.000
02_184606955	-0.028	-0.013	-0.022	0.949	0.988	0.937	-0.016	-0.000	0.984	1.000
02_186604223	0.139	0.471	0.303	0.272	0.006	0.003	0.137	0.393	0.340	0.033
02_191530914	0.034	-0.048	0.010	0.638	0.910	0.638	0.044	-0.051	0.633	0.910
02_191530921	-0.085	-0.015	-0.067	0.768	0.990	0.760	-0.102	-0.016	0.720	0.982
02_191530922	-0.103	NA	-0.104	0.711	NA	 0.711	-0.125	NA	0.651	NA
02_191531236	0.126	-0.170	-0.015	0.309	0.268	0.582	0.192	-0.228	0.247	0.185
02_196002586	-0.400	-0.167	-0.310	0.017	0.402	0.007	-0.442	-0.170	0.013	0.435
02_196002590	-0.250	-0.029	-0.207	0.164	0.966	0.159	-0.265	-0.016	0.179	0.981
02_196002591	-0.296	-0.094	-0.230	0.081	0.730	0.064	-0.348	-0.069	0.039	0.846
02_196002592	-0.186	-0.029	-0.151	0.358	0.961	0.348	-0.216	-0.016	0.270	0.983
02_196002687	-0.028	-0.000	-0.020	0.956	1.000	0.956	-0.033	0.000	0.956	1.000
02_198447915	-0.000	-0.000	-0.000	1.000	1.000	1.000	-0.000	0.000	1.000	1.000
02_198447919	-0.029	NA	-0.028	0.947	NA	 0.947	-0.034	NA	0.959	NA
02_198447920	-0.014	NA	-0.013	0.986	NA	 0.986	-0.000	NA	1.000	NA
02_198447921	NA	-0.017	-0.018	NA	0.983	 0.983	NA	-0.019	NA	0.982
02_198447922	-0.000	-0.000	-0.000	1.000	1.000	1.000	-0.000	0.000	1.000	1.000
02_198447923	-0.000	0.000	-0.000	1.000	1.000	1.000	-0.000	-0.000	1.000	1.000
02_198520168	-0.014	-0.104	-0.085	0.986	0.654	0.645	-0.000	-0.082	1.000	0.770
02_200857446	0.381	0.279	0.330	0.060	0.094	0.013	0.408	0.184	0.057	0.248
02_202627699	-0.152	-0.068	-0.121	0.467	0.817	0.384	-0.148	-0.082	0.548	0.765
02_204979195	0.000	-0.000	-0.000	1.000	1.000	1.000	0.000	-0.000	1.000	1.000
02_206298951	0.268	0.119	0.195	0.133	0.355	0.051	0.211	0.014	0.224	0.621
02_208295064	0.039	0.101	0.068	0.534	0.407	0.359	0.143	0.055	0.354	0.521
02_208348450	-0.014	NA	-0.014	0.984	NA	 0.984	-0.016	NA	0.986	NA
02_210284142	0.305	0.298	0.302	0.068	0.058	0.008	0.243	0.192	0.193	0.227
02_214649984	0.167	-0.000	0.148	0.372	1.000	0.372	0.208	0.000	0.332	1.000
02_214649995	0.660	NA	0.660	0.051	NA	 0.051	-0.000	NA	1.000	NA
02_224122072	-0.014	-0.014	-0.014	0.988	0.990	0.978	-0.017	-0.015	0.988	0.986
02_225059349	-0.000	0.000	-0.000	1.000	1.000	1.000	0.000	0.000	1.000	1.000
02_230042877	-0.066	0.127	0.027	0.478	0.349	0.382	-0.151	0.099	0.316	0.412
02_234018912	0.164	0.180	0.172	0.257	0.237	0.075	0.104	0.106	0.399	0.401
02_235378380	0.351	0.088	0.214	0.082	0.457	0.046	0.102	-0.038	0.499	0.657
02_238436408	0.301	-0.113	0.084	0.088	0.354	0.214	0.356	-0.166	0.061	0.250
02_238436517	0.000	-0.000	-0.000	1.000	1.000	1.000	NA	NA	NA	NA
02_238436524	0.000	1.000	0.661	1.000	0.017	0.017	NA	NA	NA	NA
02_238436531	-0.000	-0.000	-0.000	1.000	1.000	1.000	NA	NA	NA	NA
02_238436574	-0.000	0.000	-0.000	1.000	1.000	1.000	NA	NA	NA	NA
02_249181369	-0.075	-0.373	-0.292	0.800	0.019	0.016	-0.088	-0.362	0.782	0.038
02_249276520	0.000	-0.000	-0.000	1.000	1.000	1.000	0.000	-0.000	1.000	1.000
02_252747342	0.000	-0.029	-0.022	1.000	0.950	0.950	NA	-0.032	NA	0.951
02_255951017	0.142	0.174	0.161	0.339	0.218	0.098	0.068	0.165	0.573	0.279
02_258380137	0.335	-0.147	0.138	0.057	0.454	0.088	0.195	-0.158	0.274	0.438
02_258380450	-0.045	-0.094	-0.075	0.924	0.751	0.699	-0.055	-0.088	0.890	0.790
02_258446552	0.265	0.032	0.161	0.144	0.628	0.111	0.247	0.039	0.184	0.635
02_259695762	-0.015	NA	-0.016	0.990	NA	 0.990	-0.017	NA	0.978	NA
02_259695901	0.000	0.000	-0.000	1.000	1.000	1.000	0.000	-0.000	1.000	1.000
02_259695908	0.658	NA	0.657	0.063	NA	 0.063	0.657	NA	0.064	NA
02_259732779	-0.000	-0.000	-0.000	1.000	1.000	1.000	0.000	0.000	1.000	1.000
02_259886650	NA	-0.049	-0.049	NA	0.915	 0.915	NA	-0.033	NA	0.956
02_265760565	0.000	0.552	0.277	0.644	0.002	0.006	0.042	0.471	0.587	0.005
02_266712293	-0.000	-0.000	-0.000	1.000	1.000	1.000	NA	NA	NA	NA
02_266712316	-0.000	-0.000	-0.000	1.000	1.000	1.000	NA	0.000	NA	1.000
02_266712319	-0.029	NA	-0.029	0.958	NA	 0.958	-0.017	NA	0.990	NA
02_266712342	-0.015	NA	-0.016	0.985	NA	 0.985	0.000	NA	1.000	NA
02_269485868	0.160	0.179	0.169	0.277	0.244	0.104	0.065	0.074	0.491	0.504
03_1472719	0.500	-0.086	0.289	0.064	0.755	0.070	0.490	-0.100	0.086	0.713
03_6761764	-0.022	0.316	0.149	0.599	0.049	0.131	0.055	0.267	0.508	0.109
03_8185684	-0.000	0.000	-0.000	1.000	1.000	1.000	NA	-0.000	NA	1.000
03_14594806	0.000	-0.031	-0.022	1.000	0.958	0.958	0.000	-0.016	1.000	0.979
03_17126911	0.191	0.327	0.258	0.187	0.041	0.010	0.077	0.338	0.481	0.056
03_28241934	-0.056	-0.054	-0.055	0.880	0.877	0.768	-0.051	-0.065	0.901	0.879
03_28242119	-0.129	-0.091	-0.112	0.566	0.737	0.406	-0.132	-0.103	0.602	0.675
03_28242167	-0.094	-0.141	-0.126	0.717	0.343	0.270	-0.071	-0.151	0.866	0.352
03_29871827	-0.060	-0.086	-0.069	0.580	0.750	0.483	-0.081	-0.100	0.556	0.701
03_41059396	0.050	0.135	0.091	0.497	0.315	0.255	-0.002	-0.005	0.658	0.718
03_41059728	-0.016	NA	-0.014	0.985	NA	0.985	0.000	NA	1.000	NA
03_45131750	-0.345	-0.167	-0.274	0.039	0.437	0.020	-0.348	-0.158	0.076	0.436
03_45131758	-0.014	-0.000	-0.009	0.982	1.000	0.982	0.000	NA	1.000	NA
03_46630723	-0.000	-0.000	-0.000	1.000	1.000	1.000	0.000	-0.000	1.000	1.000
03_51451777	-0.104	-0.015	-0.084	0.671	0.987	0.662	-0.088	-0.016	0.784	0.981
03_51451787	-0.066	0.081	0.005	0.465	0.435	0.474	-0.151	0.082	0.333	0.452
03_54352496	0.000	-0.000	-0.000	1.000	1.000	1.000	NA	0.000	NA	1.000
03_54352534	-0.000	-0.000	-0.000	1.000	1.000	1.000	NA	0.000	NA	1.000
03_63567930	0.035	0.173	0.099	0.569	0.275	0.203	-0.046	0.039	0.636	0.603
03_64771500	-0.014	NA	-0.014	0.989	NA	0.989	NA	NA	NA	NA
03_69938466	-0.029	-0.000	-0.022	0.953	1.000	0.953	-0.033	-0.000	0.955	1.000
03_72032320	-0.153	0.363	0.040	0.466	0.165	0.267	-0.127	0.477	0.601	0.120
03_72032321	-0.063	-0.088	-0.077	0.868	0.773	0.670	-0.033	-0.077	0.963	0.837
03_72032323	-0.046	0.479	0.229	0.919	0.099	0.099	-0.033	0.659	0.930	0.050
03_72032339	-0.015	-0.000	-0.010	0.979	1.000	0.979	-0.016	NA	0.985	NA
03_72032354	-0.000	0.483	0.379	1.000	0.092	0.092	0.000	0.660	1.000	0.054
03_72032356	NA	0.483	0.483	NA	0.083	0.083	NA	0.660	NA	0.041
03_72032364	NA	0.660	0.661	NA	0.052	0.052	NA	0.000	NA	1.000
03_76412950	0.170	0.211	0.190	0.244	0.180	0.073	0.143	0.119	0.331	0.364
03_78955559	-0.118	0.042	-0.019	0.604	0.583	0.503	-0.107	-0.005	0.699	0.698
03_79238328	0.172	0.228	0.204	0.361	0.198	0.083	-0.069	0.205	0.834	0.233
03_79238560	0.362	0.365	0.363	0.160	0.145	0.025	0.353	0.363	0.219	0.156
03_79251743	-0.111	0.205	0.077	0.660	0.251	0.271	-0.094	0.200	0.775	0.260
03_80698184	-0.000	-0.000	-0.000	1.000	1.000	1.000	NA	-0.000	NA	1.000
03_89527339	-0.000	-0.014	-0.009	1.000	0.985	0.985	NA	-0.016	NA	0.983
03_91120270	NA	0.659	0.659	NA	0.056	0.056	NA	0.000	NA	1.000
03_99109682	0.301	0.030	0.160	0.064	0.583	0.128	0.143	-0.056	0.342	0.534
03_108452968	-0.000	0.000	-0.000	1.000	1.000	1.000	0.000	0.000	1.000	1.000
03_114047969	0.477	0.060	0.203	0.098	0.570	0.079	0.475	-0.119	0.114	0.622
03_122128040	-0.000	0.000	-0.000	1.000	1.000	1.000	NA	-0.000	NA	1.000
03_122128064	NA	-0.016	-0.016	NA	0.983	 0.983	NA	-0.017	NA	0.977
03_131013576	-0.014	NA	-0.014	0.982	NA	 0.982	-0.016	NA	0.987	NA
03_131013703	-0.233	-0.014	-0.203	0.195	0.989	0.193	-0.224	-0.000	0.275	1.000
03_131013709	-0.028	0.000	-0.021	0.957	1.000	0.957	-0.017	NA	0.991	NA
03_131013711	0.000	-0.014	-0.009	1.000	0.984	0.984	NA	-0.000	NA	1.000
03_134137296	0.010	0.050	0.030	0.593	0.486	0.468	-0.093	-0.032	0.454	0.590
03_134263490	-0.152	0.259	0.105	0.467	0.110	0.271	-0.170	0.244	0.444	0.166
03_141621084	-0.020	0.304	0.146	0.608	0.055	0.135	-0.138	0.233	0.336	0.161
03_144363790	0.084	0.013	0.048	0.430	0.573	0.348	-0.056	-0.044	0.537	0.527
03_149525329	-0.015	NA	-0.016	0.987	NA	 0.987	-0.018	NA	0.977	NA
03_151876845	0.050	0.090	0.070	0.531	0.418	0.350	-0.002	-0.019	0.651	0.611
03_155166732	0.252	-0.161	0.058	0.147	0.271	0.271	0.135	-0.195	0.381	0.247
03_156461320	0.339	0.215	0.277	0.036	0.176	0.014	0.366	0.125	0.039	0.367
03_156467939	NA	0.660	0.660	NA	0.053	 0.053	NA	-0.000	NA	1.000
03_156467976	NA	0.481	0.480	NA	0.085	 0.085	NA	-0.015	NA	0.987
03_156468014	NA	0.483	0.483	NA	0.083	 0.083	NA	-0.015	NA	0.982
03_156468036	NA	0.483	0.483	NA	0.081	 0.081	NA	-0.015	NA	0.986
03_159603503	0.870	-0.198	0.274	0.001	0.229	0.014	0.780	-0.261	0.015	0.139
03_161045933	0.089	0.163	0.125	0.412	0.258	0.159	-0.048	0.093	0.542	0.407
03_166137749	-0.057	-0.030	-0.046	0.867	0.960	0.833	-0.033	-0.033	0.945	0.957
03_170000626	0.089	-0.167	-0.039	0.395	0.243	0.465	0.016	-0.285	0.582	0.103
03_171107473	-0.035	0.158	0.059	0.533	0.278	0.300	-0.047	0.119	0.553	0.365
03_171107695	0.000	-0.000	-0.000	1.000	1.000	1.000	NA	-0.000	NA	1.000
03_177407845	0.395	0.147	0.290	0.029	0.354	0.019	0.380	0.140	0.047	0.373
03_177874586	-0.032	-0.000	-0.025	0.959	1.000	0.959	-0.018	0.000	0.987	1.000
03_184986465	-0.063	0.128	0.055	0.876	0.451	0.522	-0.055	0.115	0.906	0.471
03_189350493	0.661	-0.015	0.373	0.045	0.979	0.066	0.659	-0.015	0.056	0.983
03_189933837	0.000	-0.000	-0.000	1.000	1.000	1.000	0.000	0.000	1.000	1.000
03_196156577	-0.123	-0.219	-0.168	0.429	0.198	0.135	-0.292	-0.269	0.106	0.122
03_196158941	-0.216	0.327	0.092	0.277	0.060	0.272	-0.256	0.305	0.234	0.078
03_197552390	0.000	0.000	-0.000	1.000	1.000	1.000	0.000	0.000	1.000	1.000
03_198758767	0.660	-0.015	0.380	0.037	0.986	0.050	0.659	-0.016	0.040	0.981
03_198758882	-0.000	-0.000	-0.000	1.000	1.000	1.000	0.000	0.000	1.000	1.000
03_198758888	-0.077	-0.015	-0.060	0.773	0.985	0.759	-0.069	0.000	0.824	1.000
03_199890802	-0.014	-0.014	-0.014	0.983	0.987	0.970	-0.016	0.000	0.981	1.000
03_202088492	0.000	-0.000	-0.000	1.000	1.000	1.000	0.000	-0.000	1.000	1.000
03_202088511	0.000	-0.000	-0.000	1.000	1.000	1.000	-0.000	-0.000	1.000	1.000
03_203525382	-0.014	NA	-0.015	0.987	NA	 0.987	-0.018	NA	0.981	NA
03_203525394	-0.014	NA	-0.015	0.990	NA	 0.990	-0.018	NA	0.990	NA
03_203525405	0.089	0.179	0.128	0.513	0.322	0.230	0.106	0.165	0.491	0.382
03_203525450	0.172	0.179	0.176	0.343	0.327	0.130	0.211	0.165	0.312	0.365
03_204524345	NA	-0.030	-0.030	NA	0.941	 0.941	NA	-0.016	NA	0.991
03_204524350	NA	-0.014	-0.014	NA	0.992	 0.992	NA	0.000	NA	1.000
03_204524360	NA	-0.014	-0.014	NA	0.983	 0.983	NA	0.000	NA	1.000
03_204524385	-0.000	-0.000	-0.000	1.000	1.000	1.000	0.000	NA	1.000	NA
03_204524403	NA	-0.014	-0.015	NA	0.984	 0.984	NA	0.000	NA	1.000
03_206788884	-0.250	-0.143	-0.206	0.185	0.532	0.100	-0.244	-0.167	0.237	0.467
03_206788885	-0.069	0.000	-0.057	0.850	1.000	0.850	-0.074	0.000	0.851	1.000
03_206789132	-0.027	-0.027	-0.027	0.963	0.966	0.930	0.000	-0.015	1.000	0.988
03_209282191	-0.013	0.381	0.305	0.983	0.058	0.058	-0.016	0.216	0.981	0.297
04_8501525	NA	-0.030	-0.030	NA	0.956	0.956	NA	-0.032	NA	0.963
04_9997585	0.370	0.319	0.334	0.122	0.068	0.006	0.659	0.255	0.040	0.189
04_10905125	0.000	-0.028	-0.021	1.000	0.953	0.953	0.000	-0.031	1.000	0.956
04_10905149	0.000	-0.028	-0.021	1.000	0.946	0.946	-0.000	-0.031	1.000	0.955
04_11031413	0.325	-0.070	0.099	0.067	0.462	0.156	0.231	-0.029	0.197	0.555
04_12499530	-0.000	0.660	0.490	1.000	0.040	0.040	0.000	0.660	1.000	0.052
04_13870002	0.016	0.062	0.040	0.618	0.486	0.409	-0.047	-0.060	0.554	0.543
04_16027135	0.284	0.228	0.255	0.231	0.248	0.058	0.273	0.283	0.268	0.193
04_17494912	0.164	0.410	0.288	0.248	0.010	0.011	0.202	0.352	0.228	0.045
04_17495072	-0.116	0.293	0.089	0.338	0.054	0.159	-0.109	0.243	0.387	0.141
04_17600672	-0.037	0.271	0.101	0.637	0.123	0.290	-0.192	0.251	0.345	0.190
04_18891070	-0.000	-0.016	-0.011	1.000	0.982	0.982	0.000	-0.018	1.000	0.985
04_18891072	NA	-0.016	-0.016	NA	0.986	0.986	NA	-0.000	NA	1.000
04_18891156	0.094	0.131	0.113	0.409	0.339	0.196	0.065	0.113	0.496	0.386
04_22054938	0.348	0.149	0.253	0.051	0.307	0.031	0.235	0.165	0.167	0.279
04_25058843	-0.057	0.048	0.014	0.864	0.599	0.600	-0.051	-0.138	0.892	0.564
04_27035319	-0.016	-0.016	-0.016	0.976	0.981	0.957	-0.018	-0.016	0.989	0.988
04_27059818	0.550	0.084	0.318	0.003	0.415	0.005	0.521	-0.030	0.005	0.595
04_44898028	-0.000	-0.000	-0.000	1.000	1.000	1.000	0.000	NA	1.000	NA
04_52131196	-0.014	NA	-0.015	0.983	NA	0.983	-0.016	NA	0.980	NA
04_52131239	-0.014	NA	-0.015	0.990	NA	0.990	-0.016	NA	0.988	NA
04_52429422	-0.115	0.010	-0.043	0.431	0.624	0.454	-0.240	-0.102	0.210	0.398
04_54068716	NA	-0.046	-0.046	NA	0.915	0.915	NA	-0.049	NA	0.913
04_54068728	-0.000	-0.031	-0.023	1.000	0.955	0.955	0.000	-0.033	1.000	0.942
04_54068730	NA	-0.015	-0.015	NA	0.983	0.983	NA	0.000	NA	1.000
04_54068742	NA	0.659	0.659	NA	0.037	0.037	NA	0.659	NA	0.048
04_54068743	-0.016	-0.016	-0.016	0.983	0.981	0.964	0.000	-0.018	1.000	0.979
04_57702127	NA	-0.017	-0.017	NA	0.988	0.988	NA	-0.019	NA	0.981
04_58601713	NA	-0.014	-0.014	NA	0.988	0.988	NA	-0.000	NA	1.000
04_64166147	0.175	-0.057	0.083	0.354	0.862	0.440	0.213	-0.065	0.306	0.837
04_70585049	0.002	0.152	0.076	0.649	0.298	0.325	0.016	0.159	0.635	0.340
04_77584940	0.134	0.368	0.268	0.405	0.051	0.031	-0.088	0.405	0.783	0.038
04_77585091	0.661	-0.042	0.263	0.039	0.915	0.039	0.659	-0.032	0.046	0.953
04_82590511	-0.000	-0.000	-0.000	1.000	1.000	1.000	0.000	-0.000	1.000	1.000
04_92637185	-0.000	-0.000	-0.000	1.000	1.000	1.000	-0.000	0.000	1.000	1.000
04_92637325	0.000	0.000	0.000	1.000	1.000	1.000	0.000	0.000	1.000	1.000
04_93220982	0.015	0.146	0.080	0.575	0.265	0.299	-0.048	0.066	0.536	0.496
04_93939491	0.191	0.044	0.118	0.229	0.509	0.159	0.135	-0.019	0.368	0.637
04_94607173	NA	-0.018	-0.018	NA	0.986	0.986	NA	-0.020	NA	0.979
04_94607176	NA	0.659	0.659	NA	0.045	0.045	NA	0.658	NA	0.064
04_94607185	0.000	-0.017	-0.012	1.000	0.984	0.984	0.000	-0.019	1.000	0.979
04_106574362	0.394	0.023	0.183	0.061	0.609	0.069	0.143	-0.002	0.437	0.656
04_106583860	0.365	0.273	0.317	0.044	0.095	0.005	0.303	0.159	0.154	0.337
04_108149930	0.235	0.133	0.186	0.119	0.323	0.051	0.262	0.066	0.135	0.473
04_109808718	-0.023	0.326	0.232	0.969	0.092	0.104	-0.030	0.165	0.976	0.383
04_110432287	NA	-0.015	-0.015	NA	0.984	 0.984	NA	-0.017	NA	0.983
04_112500814	0.270	-0.030	0.123	0.094	0.573	0.205	0.183	0.066	0.263	0.517
04_114193378	0.483	-0.029	0.256	0.085	0.957	0.127	0.479	-0.032	0.098	0.955
04_119658819	NA	-0.015	-0.015	NA	0.983	 0.983	NA	0.000	NA	1.000
04_121418966	-0.014	-0.000	-0.009	0.982	1.000	0.982	0.000	0.000	1.000	1.000
04_123609022	1.000	0.000	0.717	0.014	1.000	0.014	1.000	-0.000	0.021	1.000
04_127152351	0.059	0.012	0.037	0.469	0.623	0.447	0.055	-0.079	0.531	0.444
04_127152675	NA	0.660	0.661	NA	0.049	 0.049	NA	0.659	NA	0.043
04_131302735	0.199	0.206	0.202	0.211	0.188	0.060	0.182	0.074	0.273	0.518
04_131302889	0.227	0.372	0.301	0.164	0.031	0.011	0.174	0.197	0.316	0.239
04_137611515	-0.043	-0.031	-0.036	0.636	0.616	0.474	-0.017	-0.043	0.711	0.594
04_137611553	NA	-0.027	-0.027	NA	0.962	 0.962	NA	-0.015	NA	0.991
04_137611561	NA	-0.072	-0.072	NA	0.806	 0.806	NA	-0.082	NA	0.785
04_137611566	-0.000	-0.000	-0.000	1.000	1.000	1.000	-0.000	NA	1.000	NA
04_137611574	NA	-0.075	-0.074	NA	0.791	 0.791	NA	-0.067	NA	0.844
04_137611584	NA	-0.061	-0.060	NA	0.868	 0.868	NA	-0.051	NA	0.902
04_137611586	NA	-0.029	-0.028	NA	0.959	 0.959	NA	-0.016	NA	0.988
04_137611591	-0.000	-0.143	-0.125	1.000	0.510	0.510	-0.000	-0.123	1.000	0.629
04_137611595	-0.018	-0.385	-0.333	0.978	0.024	0.023	0.000	-0.391	1.000	0.013
04_142668426	-0.152	-0.081	-0.111	0.441	0.496	0.223	-0.148	-0.245	0.513	0.200
05_1698098	0.525	-0.159	0.147	0.012	0.296	0.120	0.444	-0.375	0.039	0.030
05_1970026	0.488	0.121	0.330	0.006	0.403	0.004	0.536	0.094	0.007	0.489
05_1970093	0.126	0.149	0.138	0.349	0.306	0.163	0.242	0.094	0.189	0.442
05_8112963	-0.037	0.550	0.243	0.653	0.003	0.040	-0.046	0.218	0.670	0.281
05_8113024	-0.054	NA	-0.056	0.594	NA	0.594	-0.042	NA	0.654	NA
05_8113033	-0.185	-0.054	-0.159	0.248	0.900	0.230	-0.253	-0.048	0.168	0.905
05_8113040	-0.016	NA	-0.017	0.979	NA	0.979	-0.018	NA	0.987	NA
05_8113057	-0.164	-0.000	-0.150	0.444	1.000	0.444	-0.184	-0.000	0.411	1.000
05_8113063	-0.296	-0.118	-0.241	0.106	0.593	0.063	-0.374	-0.082	0.045	0.791
05_8113071	-0.199	-0.407	-0.293	0.224	0.010	0.013	-0.252	-0.435	0.148	0.013
05_9205620	0.287	NA	0.287	0.197	NA	0.197	0.277	NA	0.228	NA
05_9205621	0.287	NA	0.287	0.189	NA	0.189	-0.034	NA	0.957	NA
05_9205622	0.287	NA	0.287	0.197	NA	0.197	-0.053	NA	0.904	NA
05_9205628	0.368	NA	0.368	0.129	NA	0.129	0.362	NA	0.156	NA
05_9205635	-0.143	-0.333	-0.261	0.520	0.054	0.032	-0.132	-0.362	0.606	0.034
05_9205657	-0.045	NA	-0.045	0.914	NA	0.914	-0.053	NA	0.919	NA
05_13034338	-0.000	-0.000	-0.000	1.000	1.000	1.000	0.000	NA	1.000	NA
05_13034525	-0.000	0.000	-0.000	1.000	1.000	1.000	0.000	-0.000	1.000	1.000
05_16499676	-0.179	0.010	-0.084	0.238	0.590	0.227	-0.240	0.070	0.144	0.484
05_17744599	-0.014	0.115	0.050	0.655	0.368	0.396	-0.163	0.152	0.372	0.316
05_19424070	0.088	-0.032	0.031	0.475	0.657	0.426	0.140	-0.031	0.358	0.686
05_19424128	0.284	0.100	0.198	0.089	0.449	0.078	0.231	-0.038	0.197	0.649
05_19424231	0.000	0.000	0.000	1.000	1.000	1.000	0.000	0.000	1.000	1.000
05_30573319	NA	-0.030	-0.031	NA	0.953	0.953	NA	-0.033	NA	0.951
05_32700350	-0.214	-0.013	-0.186	0.254	0.984	0.252	-0.224	-0.000	0.255	1.000
05_35323322	0.259	-0.121	0.092	0.161	0.577	0.194	0.155	-0.138	0.412	0.561
05_35902574	-0.014	NA	-0.014	0.991	NA	0.991	-0.017	NA	0.983	NA
05_36490402	-0.014	NA	-0.015	0.987	NA	0.987	-0.000	NA	1.000	NA
05_45349221	NA	0.661	0.661	NA	0.045	0.045	NA	0.660	NA	0.042
05_52808966	0.330	-0.025	0.138	0.064	0.623	0.094	0.294	-0.019	0.132	0.615
05_62110157	-0.111	-0.029	-0.088	0.637	0.957	0.614	-0.132	-0.034	0.568	0.960
05_69225734	0.465	-0.026	0.323	0.153	0.960	0.153	0.460	-0.015	0.156	0.988
05_69225742	1.000	-0.013	0.663	0.033	0.989	0.033	1.000	-0.000	0.027	1.000
05_69225769	NA	-0.026	-0.019	NA	0.968	0.968	NA	-0.015	NA	0.988
05_74435590	0.368	0.369	0.369	0.130	0.128	0.018	0.363	0.365	0.164	0.145
05_81837630	-0.207	0.042	-0.071	0.278	0.569	0.421	-0.200	-0.091	0.359	0.544
05_81837631	-0.172	-0.157	-0.164	0.291	0.314	0.126	-0.304	-0.254	0.121	0.165
05_81837642	1.000	-0.000	0.660	0.015	1.000	0.015	NA	-0.000	NA	1.000
05_86869850	NA	0.661	0.660	NA	0.037	0.037	NA	0.660	NA	0.059
05_86869915	NA	0.661	0.660	NA	0.039	0.039	NA	0.660	NA	0.052
05_91517209	0.000	-0.000	-0.000	1.000	1.000	1.000	0.000	-0.000	1.000	1.000
05_94924096	-0.000	-0.013	-0.008	1.000	0.987	0.987	0.000	-0.015	1.000	0.979
05_98111211	0.337	0.310	0.323	0.061	0.100	0.010	0.319	0.352	0.088	0.057
05_99125082	-0.000	-0.000	-0.000	1.000	1.000	1.000	NA	0.000	NA	1.000
05_99125090	-0.236	-0.133	-0.194	0.190	0.543	0.100	-0.224	-0.148	0.261	0.497
05_99125091	-0.228	-0.172	-0.203	0.211	0.396	0.078	-0.250	-0.192	0.219	0.347
05_100247878	-0.014	NA	-0.014	0.991	NA	 0.991	-0.018	NA	0.984	NA
05_101090016	-0.000	-0.014	-0.009	1.000	0.988	0.988	0.000	-0.016	1.000	0.985
05_101090021	-0.029	NA	-0.030	0.970	NA	 0.970	-0.033	NA	0.943	NA
05_101090031	-0.115	-0.000	-0.101	0.626	1.000	0.626	-0.132	0.000	0.578	1.000
05_102438801	0.661	0.128	0.268	0.039	0.424	0.081	0.659	0.218	0.054	0.312
05_104814372	0.277	0.131	0.204	0.089	0.331	0.063	0.162	0.127	0.287	0.348
05_104814530	-0.004	0.065	0.030	0.607	0.485	0.452	0.031	0.019	0.549	0.592
05_110532921	-0.032	0.221	0.088	0.662	0.193	0.185	0.028	0.118	0.634	0.453
05_110533218	0.328	0.361	0.342	0.117	0.094	0.019	0.225	0.201	0.245	0.354
05_117973626	0.237	0.074	0.149	0.154	0.439	0.116	0.242	-0.007	0.168	0.619
05_119062745	-0.118	-0.182	-0.154	0.576	0.314	0.176	-0.107	-0.222	0.674	0.256
05_123742359	0.022	-0.050	-0.013	0.562	0.529	0.527	-0.138	-0.145	0.359	0.327
05_123742579	-0.179	0.409	0.154	0.365	0.030	0.066	-0.184	0.404	0.406	0.040
05_125926018	0.126	-0.327	-0.106	0.348	0.043	0.235	0.094	-0.435	0.425	0.006
05_126353168	-0.000	-0.000	-0.000	1.000	1.000	1.000	-0.000	NA	1.000	NA
05_127028405	0.563	0.010	0.287	0.003	0.630	0.019	0.528	-0.179	0.013	0.241
05_130584045	-0.097	0.167	0.038	0.516	0.291	0.497	-0.101	0.152	0.493	0.345
05_130584129	-0.063	0.315	0.199	0.848	0.066	0.104	-0.074	0.205	0.810	0.255
05_130584139	-0.015	-0.000	-0.011	0.983	1.000	0.983	-0.018	-0.000	0.984	1.000
05_133262268	-0.000	-0.000	-0.000	1.000	1.000	1.000	-0.000	0.000	1.000	1.000
05_133262281	-0.014	NA	-0.015	0.987	NA	 0.987	-0.000	NA	1.000	NA
05_135175151	0.074	0.023	0.049	0.420	0.587	0.366	0.012	0.023	0.620	0.582
05_136405288	0.125	0.171	0.148	0.375	0.218	0.144	0.103	0.132	0.412	0.336
06_4431834	NA	-0.015	-0.015	NA	0.982	0.982	NA	-0.016	NA	0.980
06_4431907	NA	-0.029	-0.029	NA	0.966	0.966	NA	-0.032	NA	0.949
06_5387189	0.111	-0.067	0.046	0.455	0.839	0.459	0.143	-0.053	0.445	0.897
06_5387239	-0.030	NA	-0.030	0.953	NA	0.953	-0.037	NA	0.951	NA
06_5387259	-0.014	NA	-0.012	0.988	NA	0.988	-0.016	NA	0.986	NA
06_5387417	0.370	-0.000	0.302	0.140	1.000	0.140	-0.033	0.000	0.941	1.000
06_7703160	NA	-0.029	-0.029	NA	0.967	0.967	NA	-0.032	NA	0.949
06_10481889	-0.000	-0.040	-0.030	1.000	0.943	0.943	-0.000	-0.048	1.000	0.907
06_15105547	0.718	0.021	0.356	0.001	0.604	0.002	0.612	0.025	0.009	0.588
06_17214005	-0.127	0.115	-0.012	0.330	0.352	0.400	-0.186	0.065	0.267	0.504
06_19331467	-0.025	0.440	0.207	0.597	0.006	0.052	0.046	0.356	0.545	0.064
06_19331619	0.012	0.453	0.239	0.603	0.008	0.033	0.094	0.305	0.445	0.073
06_21259952	-0.013	-0.013	-0.013	0.989	0.987	0.976	-0.016	-0.015	0.988	0.988
06_21812869	NA	-0.019	-0.021	NA	0.977	0.977	NA	-0.020	NA	0.979
06_23275214	0.095	-0.083	0.021	0.496	0.757	0.507	0.158	-0.065	0.398	0.848
06_23275442	-0.014	NA	-0.014	0.987	NA	0.987	NA	NA	NA	NA
06_33340074	0.660	NA	0.660	0.026	NA	0.026	0.659	NA	0.044	NA
06_36570819	0.320	0.085	0.226	0.075	0.532	0.066	0.133	0.077	0.401	0.546
06_36571126	0.166	0.424	0.295	0.262	0.010	0.012	0.088	0.445	0.453	0.015
06_40457380	-0.029	0.369	0.216	0.961	0.137	0.172	-0.034	-0.032	0.964	0.961
06_40457408	-0.014	NA	-0.014	0.984	NA	0.984	-0.017	NA	0.974	NA
06_42578839	-0.313	-0.061	-0.251	0.075	0.883	0.068	-0.295	-0.061	0.121	0.876
06_42578855	NA	-0.020	-0.021	NA	0.981	0.981	NA	-0.020	NA	0.984
06_43575507	-0.014	NA	-0.014	0.989	NA	0.989	-0.017	NA	0.988	NA
06_45337586	-0.000	1.000	0.661	1.000	0.011	0.011	-0.000	1.000	1.000	0.026
06_46317009	-0.000	-0.068	-0.057	1.000	0.799	0.799	-0.000	-0.082	1.000	0.791
06_46317210	-0.000	0.170	0.149	1.000	0.373	0.373	0.000	0.162	1.000	0.388
06_52393434	-0.063	0.086	0.010	0.489	0.485	0.498	-0.100	0.046	0.436	0.535
06_52477101	-0.039	0.269	0.101	0.594	0.111	0.281	-0.151	0.244	0.372	0.181
06_53065782	0.102	-0.176	-0.048	0.452	0.223	0.383	0.101	-0.200	0.464	0.216
06_54442764	0.341	0.273	0.305	0.048	0.080	0.008	0.277	0.188	0.140	0.208
06_54442881	0.330	0.055	0.169	0.065	0.492	0.130	0.224	0.007	0.190	0.618
06_57078726	-0.000	1.000	0.667	1.000	0.020	0.020	-0.000	1.000	1.000	0.015
06_57078919	0.028	0.015	0.022	0.567	0.576	0.532	-0.048	-0.106	0.550	0.412
06_58323876	0.364	0.010	0.175	0.030	0.609	0.032	0.287	0.070	0.121	0.510
06_58474673	NA	-0.014	-0.014	NA	0.990	0.990	NA	-0.016	NA	0.981
06_58792685	0.183	0.205	0.194	0.216	0.184	0.067	0.200	0.119	0.216	0.370
06_58792741	0.139	0.159	0.149	0.289	0.237	0.110	0.145	0.113	0.342	0.375
06_58792940	0.189	0.174	0.182	0.201	0.221	0.077	0.293	0.119	0.095	0.413
06_58793150	0.299	0.140	0.224	0.065	0.299	0.028	0.352	0.119	0.050	0.362
06_60755740	0.344	-0.048	0.148	0.037	0.519	0.147	0.305	-0.198	0.076	0.235
06_60913871	-0.015	0.481	0.311	0.984	0.082	0.095	-0.016	-0.016	0.984	0.981
06_61116333	-0.039	0.178	0.054	0.562	0.285	0.451	-0.080	-0.143	0.499	0.519
06_61845982	-0.086	0.371	0.106	0.764	0.112	0.320	-0.107	0.365	0.691	0.149
06_64636631	0.140	-0.182	0.002	0.330	0.358	0.432	0.135	-0.222	0.383	0.249
06_65165701	NA	-0.015	-0.015	NA	0.981	0.981	NA	-0.016	NA	0.976
06_65165708	NA	-0.015	-0.015	NA	0.987	0.987	NA	0.000	NA	1.000
06_65165714	NA	-0.029	-0.030	NA	0.955	0.955	NA	-0.032	NA	0.949
06_65165717	NA	-0.014	-0.015	NA	0.988	0.988	NA	-0.016	NA	0.987
06_65165719	NA	-0.014	-0.015	NA	0.994	0.994	NA	0.000	NA	1.000
06_65165727	NA	-0.077	-0.077	NA	0.815	0.815	NA	-0.049	NA	0.913
06_65165777	-0.013	0.000	-0.009	0.992	1.000	0.992	0.000	NA	1.000	NA
06_65165787	0.453	0.000	0.232	0.004	0.655	0.025	0.459	-0.060	0.014	0.516
06_65165791	NA	-0.014	-0.014	NA	0.984	0.984	NA	NA	NA	NA
06_65165861	-0.104	-0.000	-0.092	0.657	1.000	0.657	-0.088	NA	0.770	NA
06_65165958	0.205	-0.063	0.070	0.179	0.497	0.347	0.322	-0.102	0.065	0.440
06_65397748	0.000	-0.000	-0.000	1.000	1.000	1.000	0.000	-0.000	1.000	1.000
06_65397763	0.000	-0.000	-0.000	1.000	1.000	1.000	0.000	-0.000	1.000	1.000
06_65397806	0.000	-0.000	-0.000	1.000	1.000	1.000	0.000	-0.000	1.000	1.000
06_65550908	0.325	0.303	0.315	0.059	0.101	0.009	0.283	0.200	0.139	0.260
06_65882170	0.105	0.472	0.308	0.405	0.006	0.011	0.068	0.414	0.577	0.036
06_70131355	-0.045	-0.000	-0.035	0.924	1.000	0.924	-0.033	-0.000	0.953	1.000
06_70131579	0.455	0.140	0.295	0.007	0.302	0.006	0.488	-0.043	0.009	0.593
06_78183476	-0.194	-0.088	-0.137	0.313	0.506	0.140	-0.240	-0.065	0.233	0.575
06_80549864	0.661	-0.013	0.398	0.038	0.987	0.038	1.000	-0.015	0.018	0.986
06_80549878	0.524	-0.300	0.013	0.041	0.050	0.479	0.634	-0.294	0.025	0.093
06_80549896	NA	-0.040	-0.038	NA	0.918	0.918	NA	-0.031	NA	0.953
06_84942634	-0.042	0.064	0.033	0.916	0.544	0.580	-0.033	0.039	0.951	0.622
06_84942666	-0.043	NA	-0.044	0.923	NA	0.923	-0.016	NA	0.985	NA
06_84942671	-0.014	NA	-0.015	0.991	NA	0.991	NA	NA	NA	NA
06_84942894	-0.015	0.313	0.253	0.986	0.132	0.137	-0.018	0.303	0.985	0.145
06_85010373	0.095	-0.041	0.054	0.485	0.930	0.524	0.158	-0.032	0.395	0.957
06_85256484	0.254	-0.213	0.024	0.095	0.143	0.347	0.162	-0.274	0.286	0.118
06_88149174	0.660	-0.032	0.301	0.045	0.958	0.083	0.659	-0.033	0.049	0.945
06_92686740	0.095	0.191	0.152	0.520	0.220	0.148	-0.107	0.244	0.699	0.184
06_92952768	0.185	0.384	0.292	0.231	0.018	0.013	0.058	0.308	0.542	0.093
06_94317040	0.101	0.072	0.086	0.391	0.472	0.240	-0.116	0.023	0.473	0.638
06_98969399	-0.000	-0.000	-0.000	1.000	1.000	1.000	NA	-0.000	NA	1.000
06_100037921	NA	-0.015	-0.015	NA	0.981	 0.981	NA	-0.018	NA	0.989
06_100037979	-0.015	NA	-0.016	0.981	NA	 0.981	-0.018	NA	0.984	NA
06_100414585	-0.014	-0.000	-0.009	0.984	1.000	0.984	-0.016	0.000	0.985	1.000
06_100414586	NA	-0.014	-0.014	NA	0.983	 0.983	NA	-0.016	NA	0.991
06_101941181	-0.104	0.042	-0.011	0.664	0.507	0.559	-0.127	-0.097	0.599	0.494
06_108863627	0.100	0.259	0.189	0.453	0.105	0.089	0.094	0.197	0.440	0.241
06_110802360	0.085	0.328	0.214	0.443	0.044	0.043	0.088	0.318	0.451	0.081
06_110802445	-0.086	-0.040	-0.069	0.714	0.931	0.661	-0.088	-0.048	0.774	0.907
06_111821280	0.103	0.311	0.204	0.366	0.064	0.043	0.070	0.241	0.486	0.143
06_111853133	0.055	0.419	0.218	0.486	0.015	0.055	-0.176	0.356	0.266	0.048
06_115192939	NA	-0.013	-0.012	NA	0.989	 0.989	NA	-0.015	NA	0.981
06_118255854	NA	-0.014	-0.015	NA	0.982	 0.982	NA	-0.016	NA	0.987
06_120936671	0.072	0.097	0.085	0.487	0.375	0.258	0.182	0.023	0.269	0.609
06_126431053	-0.100	0.544	0.268	0.710	0.009	0.054	-0.111	0.445	0.706	0.047
07_985249	-0.226	0.173	-0.004	0.178	0.231	0.406	-0.216	0.074	0.296	0.494
07_6286924	0.298	0.050	0.180	0.054	0.518	0.091	0.215	-0.060	0.180	0.515
07_6287175	-0.346	-0.013	-0.203	0.045	0.711	0.034	-0.333	0.039	0.073	0.618
07_6976274	NA	-0.013	-0.007	NA	0.984	0.984	NA	-0.000	NA	1.000
07_6976299	NA	-0.070	-0.064	NA	0.834	0.834	NA	-0.082	NA	0.764
07_6976304	NA	-0.041	-0.035	NA	0.930	0.930	NA	-0.048	NA	0.910
07_6976318	NA	-0.041	-0.035	NA	0.928	0.928	NA	-0.031	NA	0.956
07_17114696	-0.306	-0.317	-0.312	0.090	0.120	0.011	-0.333	-0.317	0.106	0.108
07_17114699	-0.200	-0.149	-0.177	0.313	0.560	0.178	-0.227	-0.149	0.286	0.552
07_17114997	0.126	0.170	0.149	0.344	0.240	0.094	0.143	0.165	0.366	0.305
07_18169100	0.483	-0.013	0.320	0.074	0.990	0.074	-0.016	-0.015	0.982	0.986
07_18594989	-0.043	-0.014	-0.034	0.919	0.987	0.906	-0.051	-0.016	0.895	0.984
07_18595092	-0.042	-0.026	-0.036	0.931	0.961	0.894	-0.051	-0.031	0.908	0.965
07_21721791	-0.000	0.000	-0.000	1.000	1.000	1.000	0.000	-0.000	1.000	1.000
07_26980804	-0.102	NA	-0.104	0.733	NA	0.733	-0.087	NA	0.781	NA
07_30109463	-0.014	NA	-0.014	0.988	NA	0.988	-0.017	NA	0.979	NA
07_33724550	0.639	0.114	0.379	0.002	0.371	0.002	0.596	0.137	0.003	0.326
07_37146456	0.000	-0.000	-0.000	1.000	1.000	1.000	0.000	0.000	1.000	1.000
07_55881559	NA	-0.028	-0.026	NA	0.972	0.972	NA	-0.015	NA	0.983
07_55881588	0.254	0.089	0.170	0.300	0.498	0.164	0.337	0.118	0.244	0.445
07_57738811	-0.004	0.135	0.058	0.608	0.292	0.358	-0.100	0.108	0.429	0.373
07_61188067	0.013	0.468	0.233	0.623	0.023	0.032	-0.025	0.468	0.627	0.015
07_67421883	0.140	0.305	0.223	0.337	0.094	0.048	0.169	0.297	0.319	0.084
07_67732378	-0.018	NA	-0.020	0.978	NA	0.978	0.000	NA	1.000	NA
07_69052000	NA	-0.015	-0.015	NA	0.988	0.988	NA	-0.016	NA	0.983
07_71175268	NA	-0.767	-0.767	NA	0.001	0.001	NA	-0.784	NA	0.001
07_71175273	NA	-0.407	-0.407	NA	0.016	0.016	NA	-0.435	NA	0.013
07_71175278	NA	-0.767	-0.767	NA	0.001	0.001	NA	-0.784	NA	0.001
07_71175285	NA	-0.652	-0.652	NA	0.001	0.001	NA	-0.692	NA	0.001
07_71175291	NA	-0.013	-0.013	NA	0.990	0.990	NA	NA	NA	NA
07_76084896	0.069	0.489	0.278	0.456	0.003	0.013	-0.017	0.402	0.594	0.019
07_81280604	-0.031	0.000	-0.022	0.958	1.000	0.958	-0.018	0.000	0.987	1.000
07_83120006	-0.233	0.548	0.133	0.180	0.004	0.196	-0.265	0.373	0.153	0.089
07_90754978	0.181	0.242	0.211	0.226	0.116	0.055	0.067	0.127	0.496	0.375
07_95165949	-0.071	0.216	0.090	0.857	0.305	0.400	-0.077	0.208	0.823	0.320
07_95165950	-0.034	-0.032	-0.033	0.954	0.943	0.901	-0.037	-0.036	0.948	0.944
07_95165951	-0.016	0.000	-0.011	0.990	1.000	0.990	-0.018	0.000	0.976	1.000
07_98471213	-0.027	NA	-0.026	0.957	NA	0.957	-0.033	NA	0.949	NA
07_98636021	0.000	-0.000	-0.001	1.000	1.000	1.000	0.000	NA	1.000	NA
07_109902539	-0.169	0.383	0.074	0.392	0.061	0.390	-0.192	0.373	0.343	0.072
07_110734763	0.028	0.273	0.161	0.640	0.130	0.154	-0.127	0.159	0.606	0.340
07_110734919	-0.029	-0.028	-0.029	0.950	0.965	0.917	-0.033	-0.031	0.949	0.959
07_114111117	-0.015	NA	-0.015	0.987	NA	 0.987	0.000	NA	1.000	NA
07_117876108	NA	-0.014	-0.014	NA	0.987	 0.987	NA	-0.015	NA	0.993
07_119210420	0.165	-0.047	0.059	0.237	0.543	0.382	0.183	-0.188	0.255	0.255
07_119304564	0.391	0.037	0.222	0.040	0.546	0.044	0.350	0.066	0.063	0.505
07_119304569	0.440	0.078	0.269	0.034	0.431	0.029	0.422	0.113	0.031	0.383
07_119390588	0.138	-0.101	0.047	0.365	0.651	0.383	0.028	-0.100	0.647	0.722
07_121298449	0.449	-0.032	0.303	0.039	0.959	0.053	0.530	-0.033	0.030	0.947
07_121298457	-0.014	NA	-0.014	0.984	NA	 0.984	-0.016	NA	0.987	NA
07_121298501	-0.031	NA	-0.031	0.960	NA	 0.960	-0.034	NA	0.954	NA
07_123119938	NA	-0.014	-0.013	NA	0.989	 0.989	NA	-0.016	NA	0.985
07_123119958	NA	-0.014	-0.013	NA	0.994	 0.994	NA	-0.016	NA	0.987
07_123119997	NA	-0.014	-0.013	NA	0.986	 0.986	NA	-0.016	NA	0.983
07_123120041	NA	-0.015	-0.014	NA	0.984	 0.984	NA	-0.017	NA	0.984
07_127603013	-0.015	-0.034	-0.027	0.992	0.954	0.946	0.000	-0.034	1.000	0.956
08_5010831	0.444	-0.191	0.062	0.041	0.198	0.333	0.439	-0.222	0.046	0.162
08_7412087	0.051	0.181	0.116	0.537	0.212	0.225	0.045	0.215	0.530	0.201
08_9292995	1.000	0.000	0.635	0.011	1.000	0.011	1.000	0.000	0.024	1.000
08_10000743	NA	-0.014	-0.013	NA	0.988	0.988	NA	-0.015	NA	0.981
08_11605218	0.099	0.211	0.152	0.407	0.173	0.141	0.036	0.119	0.581	0.395
08_14553863	0.120	0.323	0.223	0.340	0.050	0.027	0.070	0.243	0.468	0.117
08_14554034	NA	-0.015	-0.014	NA	0.986	0.986	NA	-0.016	NA	0.984
08_15738917	0.298	0.183	0.243	0.051	0.246	0.021	0.310	0.148	0.070	0.345
08_18198456	-0.079	NA	-0.080	0.788	NA	0.788	-0.057	NA	0.893	NA
08_18198462	-0.079	NA	-0.080	0.808	NA	0.808	-0.057	NA	0.895	NA
08_18198502	0.447	-0.000	0.397	0.050	1.000	0.050	-0.037	-0.000	0.956	1.000
08_20674562	-0.014	NA	-0.014	0.986	NA	0.986	-0.000	NA	1.000	NA
08_26757674	-0.070	0.095	0.031	0.809	0.479	0.574	-0.088	0.077	0.755	0.541
08_29850749	NA	0.660	0.660	NA	0.028	0.028	NA	-0.000	NA	1.000
08_29850800	NA	0.660	0.659	NA	0.038	0.038	NA	-0.000	NA	1.000
08_29850807	NA	0.659	0.659	NA	0.045	0.045	NA	0.000	NA	1.000
08_31716911	0.375	0.098	0.239	0.066	0.469	0.043	-0.071	-0.119	0.840	0.614
08_33236807	NA	-0.013	-0.013	NA	0.988	0.988	NA	-0.015	NA	0.978
08_34341931	-0.050	0.098	0.011	0.637	0.466	0.559	-0.017	0.077	0.694	0.559
08_37401697	0.000	-0.118	-0.095	1.000	0.581	0.581	-0.000	-0.100	1.000	0.707
08_39076516	0.361	-0.072	0.204	0.103	0.794	0.104	0.189	-0.082	0.410	0.782
08_39731708	-0.056	-0.013	-0.043	0.847	0.983	0.831	-0.051	-0.015	0.900	0.984
08_39916215	-0.018	NA	-0.020	0.987	NA	0.987	-0.020	NA	0.973	NA
08_39916377	NA	-0.014	-0.012	NA	0.983	0.983	NA	-0.015	NA	0.984
08_43670323	-0.014	NA	-0.014	0.988	NA	0.988	-0.016	NA	0.984	NA
08_48885470	-0.070	0.373	0.157	0.518	0.032	0.064	-0.138	0.285	0.342	0.094
08_48885690	-0.000	0.000	-0.000	1.000	1.000	1.000	0.000	0.000	1.000	1.000
08_48885702	0.000	0.000	-0.000	1.000	1.000	1.000	0.000	0.000	1.000	1.000
08_48929702	NA	-0.013	-0.012	NA	0.987	0.987	NA	-0.015	NA	0.991
08_48929730	NA	-0.013	-0.013	NA	0.985	0.985	NA	-0.015	NA	0.981
08_48929743	NA	-0.014	-0.014	NA	0.984	0.984	NA	-0.015	NA	0.981
08_48929766	NA	0.661	0.661	NA	0.031	0.031	NA	0.660	NA	0.054
08_49942464	0.223	0.308	0.265	0.139	0.064	0.014	0.141	0.227	0.343	0.181
08_50256065	0.095	0.184	0.139	0.396	0.259	0.156	0.082	0.224	0.457	0.194
08_68154329	0.218	-0.013	0.110	0.155	0.596	0.154	0.202	-0.060	0.210	0.520
08_68670108	0.060	0.433	0.282	0.566	0.019	0.019	0.068	0.408	0.578	0.035
08_72050114	0.000	-0.000	-0.000	1.000	1.000	1.000	0.000	0.000	1.000	1.000
08_78988377	-0.031	0.319	0.123	0.611	0.080	0.218	-0.116	0.077	0.466	0.538
08_84582527	0.449	0.136	0.292	0.039	0.360	0.012	-0.055	-0.100	0.905	0.701
08_86122121	-0.029	NA	-0.028	0.953	NA	0.953	-0.034	NA	0.957	NA
08_86122142	-0.014	NA	-0.014	0.988	NA	0.988	-0.017	NA	0.981	NA
08_89365042	0.150	0.409	0.266	0.274	0.034	0.019	0.171	0.328	0.274	0.085
08_90732989	-0.070	-0.027	-0.056	0.830	0.969	0.805	-0.069	-0.015	0.850	0.978
08_90733031	-0.063	-0.027	-0.050	0.869	0.961	0.834	-0.053	-0.015	0.917	0.982
08_90733055	-0.023	0.218	0.106	0.640	0.176	0.178	-0.091	0.088	0.567	0.441
08_90733214	0.482	-0.029	0.259	0.088	0.965	0.121	0.478	-0.016	0.094	0.977
08_92525005	0.050	0.282	0.171	0.521	0.080	0.089	-0.002	0.216	0.671	0.174
08_101451510	-0.000	-0.029	-0.021	1.000	0.956	0.956	0.000	-0.031	1.000	0.957
08_104055289	0.000	0.483	0.324	1.000	0.073	0.073	0.000	-0.000	1.000	1.000
08_105954297	0.380	-0.134	0.114	0.034	0.294	0.137	0.255	-0.112	0.134	0.359
08_106196900	0.161	0.356	0.271	0.341	0.029	0.021	0.132	0.291	0.422	0.094
09_1227064	1.000	-0.041	0.425	0.022	0.925	0.022	1.000	-0.031	0.021	0.955
09_4111061	NA	0.482	0.484	NA	0.083	0.083	NA	0.000	NA	1.000
09_4111073	NA	-0.029	-0.024	NA	0.954	0.954	NA	0.000	NA	1.000
09_4111080	NA	-0.111	-0.107	NA	0.640	0.640	NA	-0.085	NA	0.775
09_5353951	0.255	0.079	0.153	0.191	0.437	0.101	0.151	0.023	0.417	0.576
09_8163749	-0.015	NA	-0.015	0.983	NA	0.983	-0.018	NA	0.988	NA
09_9377834	0.659	NA	0.660	0.054	NA	0.054	0.658	NA	0.051	NA
09_9378141	0.057	0.436	0.266	0.556	0.021	0.033	0.068	0.414	0.574	0.033
09_12244707	0.010	0.065	0.037	0.584	0.490	0.395	-0.190	0.000	0.259	0.649
09_13182476	-0.055	1.000	0.469	0.899	0.001	0.012	-0.057	1.000	0.894	0.002
09_13182478	0.000	0.000	-0.000	1.000	1.000	1.000	0.000	0.000	1.000	1.000
09_13182485	-0.016	NA	-0.016	0.979	NA	0.979	-0.018	NA	0.988	NA
09_13182542	-0.000	1.000	0.680	1.000	0.014	0.014	NA	1.000	NA	0.017
09_13182709	0.366	0.119	0.244	0.050	0.330	0.024	0.404	0.029	0.044	0.582
09_13560387	0.433	-0.007	0.223	0.015	0.723	0.055	0.404	-0.179	0.036	0.367
09_13766932	0.318	0.257	0.286	0.056	0.114	0.009	0.286	0.233	0.121	0.134
09_14226314	-0.051	-0.048	-0.049	0.908	0.919	0.835	-0.059	-0.051	0.863	0.892
09_14226348	-0.000	1.000	0.654	1.000	0.017	0.017	0.000	1.000	1.000	0.015
09_14226614	0.130	-0.013	0.058	0.323	0.608	0.313	0.094	-0.102	0.431	0.418
09_28693030	0.081	-0.121	-0.012	0.534	0.603	0.683	0.062	-0.148	0.579	0.509
09_36117192	-0.000	-0.000	-0.000	1.000	1.000	1.000	NA	-0.000	NA	1.000
09_36117486	NA	0.659	0.659	NA	0.042	0.042	NA	0.659	NA	0.054
09_42209594	0.373	0.147	0.247	0.073	0.326	0.036	0.361	-0.138	0.116	0.541
09_45818572	0.063	-0.060	0.004	0.510	0.567	0.505	-0.010	-0.097	0.740	0.486
09_50822072	0.150	0.152	0.151	0.298	0.297	0.118	0.043	0.074	0.551	0.505
09_56697005	-0.120	-0.055	-0.096	0.655	0.891	0.585	-0.116	-0.055	0.748	0.902
09_56697006	-0.098	-0.036	-0.077	0.744	0.953	0.705	-0.091	-0.036	0.826	0.955
09_56697007	-0.098	-0.036	-0.077	0.760	0.945	0.718	-0.091	-0.036	0.791	0.951
09_56697047	0.000	0.000	-0.000	1.000	1.000	1.000	NA	0.000	NA	1.000
09_57635124	1.000	-0.061	0.297	0.025	0.844	0.028	1.000	-0.065	0.021	0.867
09_66205052	-0.083	0.199	0.050	0.478	0.219	0.414	-0.107	0.108	0.460	0.435
09_66205176	-0.014	NA	-0.014	0.995	NA	0.995	-0.016	NA	0.980	NA
09_66205187	-0.014	NA	-0.014	0.989	NA	0.989	-0.016	NA	0.979	NA
09_66205302	-0.016	-0.000	-0.011	0.991	1.000	0.991	0.000	0.000	1.000	1.000
09_66205305	NA	0.660	0.660	NA	0.043	0.043	NA	0.660	NA	0.046
09_70610426	0.118	0.318	0.211	0.340	0.053	0.026	0.077	0.211	0.477	0.210
09_70610526	-0.075	0.237	0.068	0.447	0.133	0.230	-0.114	0.108	0.382	0.419
09_70874575	-0.047	0.019	-0.021	0.550	0.665	0.525	-0.017	-0.164	0.659	0.476
09_76759112	-0.170	-0.051	-0.111	0.208	0.501	0.211	-0.109	-0.166	0.418	0.274
09_79174243	0.656	0.125	0.377	0.002	0.311	0.001	0.621	0.099	0.006	0.398
09_80021263	NA	-0.015	-0.015	NA	0.992	0.992	NA	-0.000	NA	1.000
09_80021401	0.255	0.148	0.199	0.116	0.290	0.075	0.268	0.132	0.107	0.324
09_80021464	0.216	0.089	0.151	0.191	0.391	0.109	0.196	0.074	0.264	0.428
09_80215139	0.146	0.101	0.123	0.319	0.385	0.160	0.088	0.065	0.463	0.519
09_82077138	-0.226	-0.215	-0.221	0.139	0.182	0.044	-0.127	-0.261	0.359	0.113
09_82196073	0.286	0.482	0.365	0.216	0.081	0.028	0.360	0.480	0.186	0.080
09_82564249	0.175	0.224	0.198	0.336	0.271	0.106	-0.088	0.218	0.766	0.278
09_85039680	-0.180	-0.059	-0.142	0.351	0.862	0.303	-0.154	-0.048	0.503	0.910
09_85039952	0.090	-0.075	0.003	0.414	0.425	0.516	0.046	-0.112	0.547	0.383
09_85063281	0.415	0.268	0.339	0.033	0.120	0.005	0.351	0.224	0.085	0.198
09_87164911	-0.000	-0.000	-0.000	1.000	1.000	1.000	-0.000	-0.000	1.000	1.000
09_89194606	-0.078	0.285	0.104	0.498	0.099	0.263	-0.069	0.253	0.493	0.147
09_94870110	-0.014	-0.014	-0.014	0.982	0.977	0.959	-0.017	-0.015	0.977	0.987
09_96244155	-0.032	0.323	0.122	0.666	0.087	0.228	-0.046	0.165	0.637	0.362
09_102052403	1.000	-0.042	0.576	0.001	0.931	0.001	1.000	-0.048	0.018	0.908
09_103450180	-0.018	-0.000	-0.013	0.983	1.000	0.983	0.000	0.000	1.000	1.000
09_103450182	-0.037	-0.000	-0.029	0.946	1.000	0.946	-0.020	0.000	0.974	1.000
09_103450183	-0.018	-0.000	-0.013	0.979	1.000	0.979	0.000	0.000	1.000	1.000
10_836091	0.216	0.036	0.119	0.205	0.573	0.148	0.028	0.065	0.654	0.484
10_2789761	NA	-0.015	-0.016	NA	0.984	0.984	NA	-0.000	NA	1.000
10_2811613	0.367	-0.016	0.246	0.126	0.984	0.139	-0.034	-0.018	0.968	0.987
10_2811748	-0.061	-0.013	-0.048	0.879	0.990	0.870	-0.053	-0.015	0.905	0.985
10_8070304	0.421	0.054	0.231	0.077	0.542	0.059	0.413	-0.043	0.092	0.588
10_9263799	NA	-0.014	-0.014	NA	0.982	0.982	NA	-0.016	NA	0.988
10_10898702	-0.000	-0.000	-0.000	1.000	1.000	1.000	0.000	0.000	1.000	1.000
10_10940742	-0.000	-0.000	-0.000	1.000	1.000	1.000	0.000	-0.000	1.000	1.000
10_11658871	-0.033	NA	-0.032	0.943	NA	0.943	-0.036	NA	0.961	NA
10_11773207	-0.017	NA	-0.016	0.984	NA	0.984	-0.020	NA	0.979	NA
10_11773243	0.268	0.030	0.154	0.098	0.584	0.141	0.180	-0.033	0.281	0.599
10_11773461	0.078	0.028	0.051	0.428	0.529	0.315	0.077	-0.059	0.515	0.524
10_15771593	-0.015	NA	-0.016	0.981	NA	0.981	0.000	NA	1.000	NA
10_22995276	0.171	0.087	0.128	0.273	0.435	0.158	0.268	0.043	0.136	0.532
10_29942966	-0.000	-0.000	-0.000	1.000	1.000	1.000	0.000	-0.000	1.000	1.000
10_29943069	0.382	-0.073	0.156	0.039	0.547	0.140	0.283	-0.097	0.129	0.451
10_29943231	0.269	-0.095	0.081	0.100	0.516	0.296	0.283	-0.130	0.131	0.405
10_30041342	-0.000	-0.071	-0.061	1.000	0.852	0.852	NA	-0.074	NA	0.839
10_30041364	-0.014	-0.000	-0.008	0.991	1.000	0.991	NA	0.000	NA	1.000
10_32358030	-0.070	-0.114	-0.096	0.803	0.608	0.478	-0.051	-0.138	0.920	0.580
10_32914100	0.398	0.093	0.247	0.021	0.418	0.015	0.347	0.019	0.047	0.572
10_43069342	0.320	-0.054	0.149	0.066	0.601	0.090	0.189	-0.200	0.279	0.329
10_43069434	-0.014	NA	-0.014	0.988	NA	0.988	-0.017	NA	0.988	NA
10_44560801	0.787	-0.114	0.302	0.006	0.630	0.021	0.786	-0.138	0.007	0.540
10_49026567	0.000	-0.000	-0.000	1.000	1.000	1.000	-0.000	NA	1.000	NA
10_49026598	-0.041	-0.027	-0.035	0.932	0.961	0.895	-0.033	0.000	0.951	1.000
10_49026734	-0.015	-0.000	-0.010	0.989	1.000	0.989	-0.016	-0.000	0.981	1.000
10_51730606	0.312	0.034	0.178	0.080	0.638	0.115	0.242	0.028	0.199	0.640
10_53787049	0.000	-0.000	-0.000	1.000	1.000	1.000	-0.000	-0.000	1.000	1.000
10_53787092	-0.000	-0.000	-0.000	1.000	1.000	1.000	-0.000	0.000	1.000	1.000
10_53787120	-0.014	-0.000	-0.010	0.983	1.000	0.983	-0.000	0.000	1.000	1.000
10_57386674	-0.028	-0.000	-0.021	0.959	1.000	0.959	-0.016	-0.000	0.989	1.000
10_57386990	NA	0.658	0.658	NA	0.062	0.062	NA	0.658	NA	0.061
10_66841247	-0.006	0.117	0.057	0.661	0.371	0.305	-0.081	0.099	0.552	0.450
10_70091610	0.769	-0.051	0.342	0.001	0.509	0.004	0.836	-0.162	0.001	0.274
10_70091766	0.588	-0.219	0.176	0.001	0.148	0.065	0.610	-0.280	0.002	0.087
10_70171880	NA	-0.014	-0.014	NA	0.985	0.985	NA	-0.016	NA	0.987
10_70172047	-0.027	-0.013	-0.022	0.966	0.989	0.956	-0.016	-0.015	0.982	0.986
10_72365603	-0.180	0.209	0.069	0.339	0.186	0.383	-0.184	0.066	0.406	0.510
10_73097865	0.221	0.186	0.208	0.144	0.261	0.065	0.143	0.039	0.357	0.629
10_73901717	0.165	0.204	0.189	0.374	0.206	0.105	0.155	0.115	0.395	0.390
10_75212910	-0.014	0.000	-0.009	0.979	1.000	0.979	-0.017	NA	0.987	NA
10_78358952	0.359	0.077	0.228	0.064	0.511	0.061	0.333	0.068	0.097	0.576
10_82980962	-0.086	-0.026	-0.068	0.713	0.959	0.687	-0.088	-0.015	0.769	0.985
10_82981031	0.290	-0.068	0.113	0.182	0.816	0.192	-0.051	-0.048	0.896	0.922
10_83251417	0.232	0.291	0.262	0.115	0.070	0.017	0.268	0.200	0.134	0.215
10_83703691	-0.000	-0.000	-0.000	1.000	1.000	1.000	-0.000	NA	1.000	NA
10_85227038	0.701	0.191	0.443	0.013	0.252	0.003	0.618	0.197	0.034	0.229
10_85541724	0.318	0.202	0.261	0.058	0.189	0.016	0.414	0.119	0.029	0.392
10_86451480	0.327	0.258	0.292	0.052	0.086	0.010	0.282	0.191	0.142	0.215
11_1409434	0.139	0.062	0.100	0.292	0.472	0.199	0.202	0.014	0.222	0.611
11_2650137	0.364	0.021	0.163	0.094	0.610	0.097	0.205	0.025	0.366	0.600
11_4819937	0.661	-0.027	0.318	0.042	0.965	0.075	0.000	-0.031	1.000	0.957
11_5708935	0.658	0.000	0.525	0.054	1.000	0.054	0.658	-0.000	0.073	1.000
11_5708946	0.000	-0.028	-0.018	1.000	0.966	0.966	0.000	-0.031	1.000	0.966
11_7743889	-0.033	0.000	-0.027	0.954	1.000	0.954	-0.037	-0.000	0.938	1.000
11_7743949	0.272	0.054	0.161	0.103	0.527	0.079	0.174	-0.054	0.313	0.558
11_7744027	0.419	0.183	0.297	0.013	0.254	0.013	0.341	0.165	0.094	0.278
11_7744045	0.429	0.075	0.244	0.020	0.475	0.029	0.347	0.065	0.052	0.495
11_10141898	-0.167	0.158	-0.005	0.239	0.252	0.438	-0.299	0.007	0.085	0.618
11_10600403	-0.046	-0.122	-0.085	0.536	0.324	0.282	-0.073	-0.112	0.448	0.396
11_11612822	-0.086	0.368	0.198	0.729	0.041	0.103	-0.107	0.255	0.683	0.184
11_11612914	0.014	0.042	0.029	0.661	0.552	0.463	0.015	-0.065	0.690	0.563
11_12936796	0.414	0.231	0.321	0.024	0.197	0.010	0.231	0.133	0.225	0.400
11_13615989	0.093	0.145	0.119	0.442	0.346	0.222	0.104	0.081	0.417	0.483
11_14026149	0.000	-0.000	-0.000	1.000	1.000	1.000	0.000	-0.000	1.000	1.000
11_15548710	-0.032	0.032	-0.002	0.676	0.621	0.586	-0.010	-0.158	0.714	0.499
11_15548896	NA	-0.013	-0.013	NA	0.982	0.982	NA	-0.015	NA	0.985
11_15592241	0.065	0.097	0.080	0.487	0.407	0.299	0.065	0.258	0.516	0.148
11_18407461	0.241	0.226	0.234	0.155	0.162	0.044	0.140	0.003	0.396	0.700
11_24241844	0.199	0.209	0.204	0.222	0.179	0.058	0.224	0.082	0.211	0.456
11_27647064	0.376	0.055	0.216	0.028	0.509	0.028	0.325	-0.007	0.090	0.621
11_27664333	-0.400	-0.030	-0.338	0.020	0.947	0.019	-0.409	-0.016	0.029	0.985
11_28712071	0.000	0.290	0.229	1.000	0.193	0.193	0.000	-0.048	1.000	0.910
11_36368131	-0.152	0.072	-0.015	0.442	0.467	0.608	-0.148	-0.130	0.533	0.396
11_36368223	0.483	0.370	0.421	0.063	0.135	0.013	0.479	-0.031	0.113	0.954
11_44385710	0.035	0.170	0.085	0.594	0.378	0.267	-0.081	0.165	0.593	0.373
11_44385760	-0.014	NA	-0.014	0.990	NA	0.990	-0.018	NA	0.983	NA
11_47473070	0.483	-0.014	0.312	0.072	0.978	0.092	0.478	-0.015	0.079	0.985
11_49646022	-0.061	0.369	0.150	0.869	0.138	0.255	-0.071	0.480	0.837	0.096
11_49646033	-0.091	-0.075	-0.083	0.731	0.822	0.598	-0.091	-0.085	0.760	0.779
11_50907665	0.325	0.209	0.263	0.088	0.186	0.017	0.307	0.082	0.130	0.440
11_61621445	-0.000	-0.000	-0.000	1.000	1.000	1.000	0.000	0.000	1.000	1.000
11_61621522	0.161	0.428	0.295	0.263	0.010	0.005	0.183	0.337	0.245	0.067
11_61621573	0.132	0.440	0.286	0.326	0.004	0.007	0.127	0.352	0.365	0.055
11_61621588	-0.000	1.000	0.667	1.000	0.010	0.010	0.000	NA	1.000	NA
11_61621593	-0.000	1.000	0.667	1.000	0.013	0.013	0.000	NA	1.000	NA
11_63279578	-0.056	-0.026	-0.045	0.869	0.968	0.843	-0.051	-0.031	0.893	0.959
11_63776257	-0.114	0.209	0.047	0.408	0.164	0.366	-0.206	0.179	0.248	0.245
11_63776369	NA	-0.030	-0.031	NA	0.956	0.956	NA	-0.033	NA	0.949
11_63776378	NA	-0.046	-0.046	NA	0.927	0.927	NA	-0.051	NA	0.904
11_67069957	0.658	NA	0.657	0.060	NA	0.060	0.656	NA	0.073	NA
11_67069977	0.657	NA	0.655	0.065	NA	0.065	0.655	NA	0.077	NA
11_73622073	0.537	-0.016	0.391	0.010	0.990	0.010	0.530	-0.016	0.021	0.983
11_73622089	0.538	-0.016	0.393	0.024	0.990	0.025	0.530	-0.016	0.024	0.986
11_73622101	0.538	-0.015	0.399	0.021	0.984	0.024	0.530	-0.016	0.030	0.985
11_73622213	0.287	-0.014	0.209	0.217	0.978	0.233	0.277	-0.016	0.237	0.984
11_73622280	0.290	-0.014	0.210	0.188	0.989	0.197	0.279	-0.015	0.224	0.988
12_3215872	0.529	-0.093	0.230	0.002	0.425	0.021	0.380	-0.234	0.038	0.158
12_4049774	0.360	0.166	0.272	0.030	0.258	0.006	0.458	-0.005	0.017	0.698
12_4049815	NA	0.661	0.661	NA	0.034	0.034	NA	0.660	NA	0.052
12_4790578	-0.143	-0.042	-0.113	0.526	0.916	0.478	-0.160	-0.049	0.466	0.913
12_4790584	-0.103	-0.041	-0.083	0.712	0.923	0.651	-0.115	-0.048	0.665	0.919
12_4790713	0.221	-0.054	0.099	0.169	0.541	0.191	0.162	-0.081	0.254	0.474
12_4942107	0.133	-0.158	-0.030	0.347	0.294	0.528	0.135	-0.188	0.348	0.238
12_7740215	1.000	0.000	0.681	0.016	1.000	0.016	NA	0.000	NA	1.000
12_9135533	0.226	0.412	0.342	0.268	0.044	0.012	0.213	0.402	0.308	0.052
12_9135668	0.000	-0.000	-0.000	1.000	1.000	1.000	NA	0.000	NA	1.000
12_9510923	0.130	0.079	0.106	0.318	0.459	0.183	-0.047	0.074	0.591	0.490
12_11440942	0.288	0.229	0.258	0.192	0.262	0.067	0.279	-0.065	0.227	0.860
12_11493463	0.057	0.172	0.107	0.569	0.347	0.221	0.022	0.165	0.622	0.354
12_11493509	0.263	0.303	0.280	0.114	0.086	0.017	0.268	0.289	0.135	0.119
12_12424449	-0.041	-0.070	-0.058	0.932	0.800	0.745	-0.051	-0.048	0.914	0.909
12_12424471	-0.111	-0.070	-0.091	0.348	0.472	0.285	-0.073	0.019	0.504	0.627
12_14241109	0.260	0.063	0.161	0.127	0.529	0.086	0.195	0.034	0.293	0.595
12_14241113	0.089	-0.095	-0.019	0.501	0.482	0.600	0.068	-0.245	0.579	0.207
12_20739253	-0.075	0.095	0.027	0.822	0.480	0.580	-0.071	-0.123	0.865	0.605
12_20902634	-0.108	-0.200	-0.164	0.691	0.379	0.264	-0.088	-0.182	0.783	0.451
12_22032256	-0.148	-0.082	-0.121	0.514	0.805	0.415	-0.154	-0.088	0.518	0.767
12_22032257	-0.129	-0.065	-0.104	0.548	0.852	0.470	-0.132	-0.069	0.608	0.850
12_31303231	0.355	0.303	0.331	0.073	0.137	0.014	0.333	0.151	0.085	0.403
12_31303434	0.343	0.074	0.210	0.034	0.444	0.054	0.253	0.060	0.119	0.487
12_32600685	-0.014	NA	-0.014	0.983	NA	0.983	0.000	NA	1.000	NA
12_34388383	-0.000	-0.059	-0.049	1.000	0.863	0.863	0.000	-0.065	1.000	0.863
12_34388526	-0.014	NA	-0.014	0.991	NA	0.991	NA	NA	NA	NA
12_34388552	-0.125	0.060	-0.026	0.587	0.563	0.500	-0.127	-0.138	0.596	0.556
12_34434160	0.094	0.505	0.321	0.497	0.007	0.003	0.022	0.494	0.668	0.011
12_36096853	NA	0.659	0.659	NA	0.065	0.065	NA	0.659	NA	0.059
12_36097189	-0.134	0.057	-0.034	0.511	0.595	0.582	-0.127	0.039	0.596	0.605
12_39464736	-0.000	1.000	0.655	1.000	0.014	0.014	-0.000	NA	1.000	NA
12_41810721	-0.072	-0.029	-0.057	0.821	0.958	0.787	-0.071	-0.016	0.833	0.984
12_41810781	-0.156	-0.027	-0.127	0.413	0.965	0.399	-0.154	-0.031	0.524	0.956
12_43760657	-0.014	NA	-0.014	0.989	NA	0.989	-0.017	NA	0.986	NA
12_43860339	-0.023	NA	-0.027	0.981	NA	0.981	-0.026	NA	0.981	NA
13_2253378	-0.029	-0.101	-0.080	0.946	0.668	0.633	-0.033	-0.119	0.948	0.632
13_4805831	0.094	0.221	0.151	0.421	0.174	0.141	-0.054	0.205	0.601	0.242
13_5941341	0.656	-0.028	0.402	0.072	0.964	0.072	0.654	-0.031	0.102	0.947
13_5997924	0.098	-0.057	0.031	0.413	0.601	0.493	-0.080	-0.046	0.518	0.673
13_6716089	-0.014	-0.000	-0.009	0.988	1.000	0.988	-0.016	-0.000	0.986	1.000
13_12006437	NA	-0.015	-0.013	NA	0.985	0.985	NA	-0.017	NA	0.984
13_12006582	0.657	0.092	0.282	0.059	0.493	0.036	0.657	-0.100	0.056	0.713
13_13893987	-0.032	NA	-0.031	0.955	NA	0.955	-0.040	NA	0.933	NA
13_21143063	0.339	0.235	0.287	0.043	0.117	0.009	0.255	0.191	0.161	0.209
13_21627204	NA	-0.015	-0.016	NA	0.986	0.986	NA	-0.015	NA	0.985
13_21627210	-0.086	-0.046	-0.070	0.734	0.911	0.667	-0.051	-0.048	0.922	0.926
13_21627230	-0.013	NA	-0.013	0.989	NA	0.989	0.000	NA	1.000	NA
13_21627246	-0.027	NA	-0.026	0.967	NA	0.967	0.000	NA	1.000	NA
13_21627250	-0.027	NA	-0.026	0.956	NA	0.956	-0.016	NA	0.979	NA
13_21627261	-0.041	-0.014	-0.031	0.925	0.989	0.915	0.000	-0.015	1.000	0.985
13_21627262	-0.013	NA	-0.013	0.987	NA	0.987	0.000	NA	1.000	NA
13_21627270	0.028	-0.273	-0.143	0.648	0.118	0.098	0.158	-0.294	0.403	0.092
13_21627275	0.228	0.013	0.080	0.237	0.625	0.360	0.479	-0.005	0.084	0.688
13_21627295	-0.029	-0.000	-0.021	0.958	1.000	0.958	-0.017	-0.000	0.982	1.000
13_21997738	1.000	-0.000	0.754	0.024	1.000	0.024	1.000	NA	0.024	NA
13_23848117	0.393	-0.078	0.166	0.020	0.461	0.067	0.352	-0.188	0.077	0.233
13_27625225	0.000	-0.043	-0.018	0.661	0.627	0.483	0.046	-0.179	0.571	0.381
13_27625279	0.178	0.252	0.212	0.197	0.117	0.042	0.127	0.152	0.380	0.329
13_27625301	0.103	0.206	0.148	0.365	0.189	0.130	0.109	0.152	0.410	0.321
13_30071719	-0.015	NA	-0.015	0.981	NA	0.981	-0.017	NA	0.990	NA
13_31761982	-0.101	0.539	0.197	0.674	0.017	0.119	-0.088	0.365	0.794	0.137
13_39785531	NA	0.659	0.658	NA	0.054	0.054	NA	0.659	NA	0.049
13_39785645	0.234	0.074	0.158	0.155	0.523	0.128	0.039	0.058	0.600	0.544
14_3392364	-0.022	-0.014	-0.020	0.975	0.983	0.958	-0.022	-0.016	0.981	0.981
14_4843624	-0.000	-0.014	-0.009	1.000	0.995	0.995	0.000	-0.016	1.000	0.984
14_10698069	NA	0.659	0.658	NA	0.054	0.054	NA	0.658	NA	0.061
14_15466693	-0.000	-0.027	-0.020	1.000	0.957	0.957	0.000	-0.031	1.000	0.952
14_16048888	0.660	NA	0.660	0.047	NA	0.047	-0.000	NA	1.000	NA
14_16881568	0.659	-0.026	0.355	0.050	0.959	0.050	0.659	-0.031	0.045	0.965
14_17188888	0.480	-0.057	0.199	0.101	0.850	0.103	0.477	-0.048	0.103	0.905
14_17905441	-0.118	-0.041	-0.093	0.586	0.928	0.541	-0.148	-0.048	0.510	0.928
14_24559235	0.247	-0.004	0.116	0.111	0.624	0.224	0.088	-0.141	0.446	0.340
14_24559417	0.090	-0.133	-0.026	0.426	0.309	0.494	-0.002	-0.179	0.633	0.248
14_26311822	-0.027	0.288	0.182	0.966	0.183	0.183	0.000	0.365	1.000	0.148
14_35255400	0.140	0.146	0.143	0.326	0.311	0.162	0.231	0.074	0.206	0.502
15_5470024	0.000	-0.015	-0.008	1.000	0.982	0.982	0.000	-0.016	1.000	0.987
15_6810312	-0.027	NA	-0.027	0.971	NA	0.971	0.000	NA	1.000	NA
15_6810417	-0.045	0.283	0.154	0.925	0.210	0.210	-0.053	0.281	0.904	0.210
15_7240128	-0.158	-0.067	-0.125	0.482	0.835	0.396	-0.154	-0.074	0.486	0.851
15_7240209	-0.000	0.000	-0.000	1.000	1.000	1.000	0.000	-0.000	1.000	1.000
15_7560834	0.000	1.000	0.655	1.000	0.012	0.012	-0.000	NA	1.000	NA
15_18126890	0.011	-0.000	0.007	0.675	1.000	0.675	0.011	-0.000	0.703	1.000
15_18909478	-0.030	NA	-0.030	0.951	NA	0.951	-0.017	NA	0.980	NA
15_22045538	-0.000	0.000	-0.000	1.000	1.000	1.000	0.000	NA	1.000	NA
15_24153517	0.211	0.000	0.107	0.186	0.631	0.254	0.143	0.023	0.335	0.614
15_26136806	0.664	-0.191	0.282	0.002	0.245	0.011	0.698	-0.208	0.001	0.224
15_27190287	0.840	-0.088	0.464	0.003	0.760	0.003	0.836	-0.082	0.005	0.767
15_28075909	-0.086	0.379	0.178	0.744	0.071	0.078	-0.107	0.218	0.706	0.288
15_28076206	0.216	0.014	0.118	0.192	0.622	0.227	0.183	-0.020	0.273	0.585
15_28076229	1.000	-0.087	0.190	0.016	0.801	0.211	1.000	-0.067	0.015	0.877
15_30208585	-0.063	-0.013	-0.057	0.539	0.989	0.534	-0.186	-0.015	0.291	0.984
15_30208595	-0.507	-0.027	-0.442	0.005	0.956	0.005	-0.544	-0.015	0.005	0.985
15_30706494	0.558	0.150	0.345	0.020	0.281	0.017	0.542	0.023	0.024	0.604
15_31066048	1.000	-0.059	0.490	0.002	0.862	0.003	1.000	-0.065	0.004	0.854
16_92668	-0.057	-0.031	-0.046	0.874	0.939	0.817	-0.069	-0.034	0.868	0.949
16_92914	-0.048	-0.400	-0.223	0.512	0.035	0.033	-0.161	-0.441	0.307	0.022
16_92927	0.000	0.000	-0.000	1.000	1.000	1.000	0.000	0.000	1.000	1.000
16_11323863	0.284	-0.026	0.186	0.203	0.966	0.203	0.277	-0.031	0.227	0.962
16_19498075	1.000	0.000	0.710	0.018	1.000	0.018	1.000	-0.000	0.015	1.000
16_20526019	0.000	-0.000	-0.000	1.000	1.000	1.000	-0.000	0.000	1.000	1.000
16_20526064	-0.000	1.000	0.661	1.000	0.015	0.015	NA	NA	NA	NA
16_22269199	-0.031	-0.000	-0.023	0.971	1.000	0.971	-0.036	0.000	0.948	1.000
16_22536680	-0.029	NA	-0.028	0.960	NA	0.960	-0.017	NA	0.989	NA
16_22536711	-0.016	NA	-0.017	0.983	NA	0.983	-0.019	NA	0.981	NA
16_22536791	-0.000	-0.000	-0.000	1.000	1.000	1.000	0.000	0.000	1.000	1.000
16_22694038	-0.000	0.482	0.381	1.000	0.077	0.077	-0.000	-0.016	1.000	0.982
16_25339666	0.241	0.250	0.245	0.110	0.099	0.017	0.202	0.165	0.208	0.258
16_26156559	-0.015	-0.000	-0.011	0.984	1.000	0.984	0.000	NA	1.000	NA
16_26156562	-0.015	NA	-0.016	0.984	NA	0.984	-0.018	NA	0.978	NA
16_26156568	-0.048	NA	-0.049	0.904	NA	0.904	-0.055	NA	0.893	NA
17_1789891	NA	-0.016	-0.015	NA	0.984	0.984	NA	-0.018	NA	0.978
17_1789970	0.284	0.481	0.364	0.218	0.089	0.027	0.362	0.479	0.164	0.084
17_1789971	-0.000	-0.000	-0.000	1.000	1.000	1.000	-0.000	0.000	1.000	1.000
17_4295833	0.000	1.000	0.654	1.000	0.016	0.016	0.000	NA	1.000	NA
17_4296046	0.367	-0.075	0.131	0.147	0.809	0.151	0.362	-0.085	0.151	0.776
17_5392131	-0.088	0.164	0.074	0.768	0.317	0.425	-0.094	0.153	0.758	0.355
17_6087688	0.000	0.000	-0.000	1.000	1.000	1.000	-0.000	-0.000	1.000	1.000
17_6087689	-0.016	NA	-0.015	0.985	NA	0.985	-0.020	NA	0.970	NA
17_6087703	-0.000	0.000	-0.000	1.000	1.000	1.000	0.000	0.000	1.000	1.000
17_6087706	-0.000	0.000	-0.000	1.000	1.000	1.000	0.000	0.000	1.000	1.000
17_6087718	-0.031	-0.019	-0.026	0.957	0.983	0.941	0.000	-0.020	1.000	0.981
17_6087727	0.000	0.000	-0.000	1.000	1.000	1.000	NA	-0.000	NA	1.000
17_6087770	-0.000	-0.000	-0.000	1.000	1.000	1.000	-0.000	0.000	1.000	1.000
17_6087902	-0.014	0.000	-0.009	0.986	1.000	0.986	-0.000	0.000	1.000	1.000
17_6087903	-0.000	0.000	-0.000	1.000	1.000	1.000	NA	0.000	NA	1.000
17_6087906	NA	-0.014	-0.014	NA	0.989	0.989	NA	0.000	NA	1.000
17_7765551	-0.115	-0.060	-0.089	0.431	0.593	0.352	-0.116	-0.200	0.466	0.339
17_7765572	0.132	-0.013	0.059	0.296	0.561	0.335	0.055	-0.104	0.520	0.396
17_7947124	-0.172	-0.200	-0.186	0.242	0.211	0.071	-0.237	-0.313	0.197	0.071
17_7947353	-0.010	-0.170	-0.084	0.713	0.410	0.405	-0.029	-0.170	0.701	0.421
17_8504087	NA	-0.014	-0.015	NA	0.989	0.989	NA	-0.015	NA	0.985
17_13244932	-0.067	0.147	0.035	0.580	0.311	0.482	-0.192	0.003	0.331	0.690
17_13245112	-0.031	0.469	0.204	0.652	0.023	0.099	-0.184	0.457	0.395	0.027
17_14472552	0.483	-0.121	0.072	0.080	0.580	0.465	0.659	-0.082	0.045	0.794
17_20021569	-0.002	0.108	0.061	0.746	0.383	0.388	-0.192	-0.005	0.349	0.691
17_22153504	-0.014	0.538	0.405	0.982	0.021	0.026	-0.017	0.533	0.980	0.020
17_22153542	0.228	-0.095	0.077	0.150	0.456	0.223	0.277	-0.162	0.144	0.325
18_508393	0.000	-0.000	-0.000	1.000	1.000	1.000	-0.000	0.000	1.000	1.000
18_5222269	1.000	-0.000	0.685	0.014	1.000	0.014	1.000	0.000	0.022	1.000
18_5222505	0.163	0.090	0.127	0.253	0.425	0.166	0.082	-0.015	0.474	0.620
18_5735380	0.000	0.000	0.000	1.000	1.000	1.000	0.000	-0.000	1.000	1.000
18_6652613	0.128	0.019	0.067	0.424	0.662	0.422	-0.088	0.003	0.767	0.688
18_6652707	0.134	-0.147	-0.017	0.427	0.466	0.670	-0.088	-0.179	0.787	0.386
18_7134776	0.209	0.250	0.230	0.171	0.106	0.034	0.221	0.113	0.184	0.379
18_8784998	-0.119	0.360	0.085	0.618	0.153	0.201	-0.137	0.360	0.580	0.151
18_8785023	NA	0.659	0.658	NA	0.053	0.053	NA	0.659	NA	0.054
18_13752056	-0.060	0.069	0.006	0.575	0.482	0.613	-0.046	0.074	0.635	0.517
18_13752108	-0.169	0.186	0.013	0.345	0.263	0.608	-0.148	0.255	0.536	0.191
18_14203113	0.191	0.231	0.209	0.226	0.150	0.051	0.242	0.159	0.171	0.327
18_16371555	0.175	-0.061	0.079	0.317	0.874	0.403	0.213	-0.069	0.284	0.837
18_18863226	0.245	0.311	0.279	0.141	0.050	0.009	0.233	0.208	0.185	0.203
18_18863419	0.028	0.291	0.120	0.634	0.183	0.273	0.068	0.283	0.533	0.211
19_2244678	NA	-0.013	-0.011	NA	0.983	0.983	NA	NA	NA	NA
19_3927087	-0.063	0.266	0.117	0.521	0.094	0.120	-0.066	0.291	0.543	0.102
19_3927114	0.060	0.378	0.245	0.576	0.030	0.022	0.068	0.405	0.583	0.046
19_6697649	NA	-0.018	-0.019	NA	0.984	0.984	NA	-0.018	NA	0.979
19_6697672	NA	-0.016	-0.017	NA	0.981	0.981	NA	-0.018	NA	0.982
19_6697690	NA	-0.016	-0.017	NA	0.976	0.976	NA	-0.018	NA	0.984
19_7677305	-0.042	0.368	0.188	0.925	0.151	0.153	-0.051	0.364	0.911	0.167
19_7677490	0.660	-0.031	0.321	0.042	0.958	0.042	0.659	-0.034	0.045	0.945
19_8942982	-0.067	0.060	-0.011	0.591	0.542	0.542	-0.046	0.039	0.630	0.602
19_10746623	0.333	0.193	0.262	0.041	0.200	0.027	-0.046	0.119	0.607	0.396
19_10915295	0.000	-0.000	-0.000	1.000	1.000	1.000	NA	-0.000	NA	1.000
19_10915335	-0.000	-0.000	-0.000	1.000	1.000	1.000	-0.000	NA	1.000	NA
19_10915420	-0.086	0.173	0.080	0.738	0.293	0.299	-0.069	0.039	0.847	0.613
19_13761761	NA	0.480	0.481	NA	0.095	0.095	NA	0.478	NA	0.102
19_18033467	0.226	0.232	0.230	0.193	0.125	0.035	0.068	0.074	0.575	0.488
20_14905081	0.393	-0.312	0.041	0.027	0.055	0.318	0.311	-0.350	0.100	0.043
21_610193	0.339	0.079	0.211	0.058	0.428	0.039	0.101	-0.005	0.449	0.669
21_610350	0.308	0.081	0.189	0.092	0.479	0.105	0.195	0.066	0.302	0.520
21_1289078	0.224	0.012	0.120	0.133	0.586	0.143	0.082	0.019	0.475	0.598
21_10401591	-0.000	1.000	0.653	1.000	0.017	0.017	0.000	NA	1.000	NA
21_10950143	0.481	-0.000	0.380	0.082	1.000	0.082	0.478	-0.000	0.085	1.000
21_11095077	-0.032	NA	-0.033	0.960	NA	0.960	-0.037	NA	0.944	NA
21_11171755	0.628	-0.013	0.518	0.027	0.993	0.027	0.652	-0.015	0.089	0.981
21_12059144	0.056	0.329	0.200	0.496	0.035	0.055	0.030	0.298	0.593	0.089
21_12580618	-0.029	-0.042	-0.036	0.961	0.926	0.889	-0.017	-0.048	0.985	0.913
21_12580619	-0.000	-0.014	-0.009	1.000	0.987	0.987	-0.000	-0.015	1.000	0.983
21_13206285	0.218	0.450	0.337	0.268	0.036	0.011	0.208	0.441	0.350	0.051
21_13334916	-0.000	1.000	0.673	1.000	0.012	0.012	-0.000	1.000	1.000	0.015
21_15976469	0.000	-0.013	-0.007	1.000	0.993	0.993	-0.000	-0.000	1.000	1.000
21_15976472	0.000	-0.000	-0.000	1.000	1.000	1.000	-0.000	NA	1.000	NA
21_15976488	0.000	0.291	0.237	1.000	0.173	0.173	-0.000	0.283	1.000	0.202
21_15976495	0.098	-0.000	0.086	0.572	1.000	0.572	0.088	-0.000	0.573	1.000
21_15976538	NA	0.371	0.377	NA	0.124	0.124	NA	-0.000	NA	1.000
21_15976563	NA	-0.013	-0.008	NA	0.994	0.994	NA	-0.015	NA	0.987
22_4157615	0.650	-0.054	0.292	0.001	0.483	0.016	0.650	-0.078	0.001	0.443
22_6289517	0.150	-0.085	0.040	0.281	0.453	0.351	0.030	-0.081	0.582	0.474
22_6448168	0.000	-0.083	-0.067	1.000	0.779	0.779	-0.000	-0.082	1.000	0.781
22_6448340	0.000	-0.000	-0.001	1.000	1.000	1.000	0.000	0.000	1.000	1.000
22_6460988	-0.143	-0.226	-0.186	0.314	0.161	0.073	-0.116	-0.228	0.464	0.193
22_6559554	-0.000	-0.000	-0.000	1.000	1.000	1.000	0.000	0.000	1.000	1.000
22_11963653	0.131	0.127	0.129	0.416	0.368	0.197	0.158	0.147	0.404	0.353
24_5226414	0.074	0.381	0.190	0.506	0.069	0.116	0.008	-0.069	0.667	0.847
24_6443054	-0.042	0.345	0.152	0.545	0.031	0.126	-0.109	0.308	0.410	0.066
24_6443073	-0.039	0.455	0.222	0.607	0.010	0.042	-0.081	0.393	0.559	0.025
24_7669364	0.094	0.070	0.082	0.406	0.476	0.313	0.055	0.007	0.515	0.616
24_7697476	0.382	0.146	0.267	0.028	0.286	0.012	0.254	0.066	0.159	0.486
24_11303338	-0.000	-0.000	-0.000	1.000	1.000	1.000	-0.000	0.000	1.000	1.000
24_11303346	-0.000	-0.000	-0.000	1.000	1.000	1.000	-0.000	0.000	1.000	1.000
24_11303390	-0.000	-0.000	-0.000	1.000	1.000	1.000	0.000	0.000	1.000	1.000
25_1262714	0.142	0.295	0.225	0.327	0.060	0.039	0.028	0.258	0.650	0.139
25_1262827	0.028	0.075	0.051	0.566	0.435	0.379	-0.048	-0.060	0.540	0.494
25_5928517	-0.101	0.550	0.257	0.683	0.007	0.051	-0.069	0.625	0.834	0.006
25_7884982	0.636	-0.042	0.410	0.017	0.914	0.017	0.632	-0.048	0.022	0.912
25_9634033	-0.188	0.039	-0.076	0.325	0.636	0.446	-0.216	0.022	0.278	0.662
25_9634090	-0.188	0.039	-0.076	0.277	0.611	0.418	-0.216	0.022	0.299	0.680
25_9883891	0.369	0.024	0.133	0.137	0.651	0.258	-0.033	-0.158	0.950	0.446
25_9883929	-0.057	-0.040	-0.050	0.860	0.913	0.785	-0.069	-0.031	0.823	0.955
25_10489788	0.321	0.161	0.240	0.085	0.240	0.031	0.186	0.012	0.290	0.609
25_14005035	0.430	0.042	0.252	0.035	0.580	0.034	0.343	-0.097	0.145	0.523
25_14005096	0.354	0.042	0.205	0.053	0.565	0.043	0.386	-0.097	0.041	0.472
25_14975521	NA	-0.016	-0.016	NA	0.983	0.983	NA	-0.018	NA	0.982
25_15962907	-0.016	NA	-0.015	0.979	NA	0.979	0.000	NA	1.000	NA
26_1050025	0.115	-0.097	0.023	0.450	0.712	0.461	0.102	-0.094	0.525	0.756
26_1050026	0.028	-0.193	-0.082	0.623	0.327	0.419	0.015	-0.208	0.682	0.358
26_1207822	NA	0.134	0.137	NA	0.393	0.393	NA	0.165	NA	0.355
26_1207881	0.519	-0.101	0.247	0.040	0.697	0.050	0.344	-0.119	0.207	0.651
26_2223196	-0.015	NA	-0.014	0.976	NA	0.976	-0.018	NA	0.980	NA
26_2223201	-0.015	-0.016	-0.016	0.987	0.985	0.972	-0.018	-0.017	0.979	0.980
26_2747231	0.324	0.139	0.237	0.095	0.343	0.038	0.288	-0.066	0.158	0.586
26_3608195	0.028	0.152	0.099	0.623	0.292	0.252	-0.170	-0.065	0.439	0.574
26_4045904	0.544	0.045	0.297	0.002	0.548	0.011	0.507	0.011	0.010	0.609
26_4045918	0.510	-0.129	0.182	0.006	0.364	0.061	0.507	-0.172	0.014	0.272
26_4046201	0.553	-0.178	0.177	0.001	0.237	0.047	0.512	-0.331	0.011	0.062
26_4517731	0.243	0.311	0.277	0.120	0.054	0.013	0.265	0.188	0.126	0.211
26_5593905	0.632	-0.043	0.241	0.019	0.636	0.037	0.628	-0.208	0.023	0.298
26_10589791	0.241	0.072	0.156	0.149	0.481	0.099	0.231	0.034	0.185	0.607
26_13486177	0.175	0.175	0.175	0.333	0.357	0.174	-0.053	-0.085	0.906	0.793
26_13486500	NA	-0.017	-0.017	NA	0.982	0.982	NA	-0.020	NA	0.975
26_13486521	-0.000	1.000	0.674	1.000	0.016	0.016	0.000	1.000	1.000	0.021
26_14493096	0.255	0.340	0.302	0.140	0.040	0.009	0.062	0.211	0.608	0.193
27_1181629	0.274	0.014	0.139	0.124	0.590	0.181	0.181	-0.032	0.286	0.572
27_7442859	-0.018	NA	-0.019	0.984	NA	0.984	-0.021	NA	0.986	NA
27_7442934	-0.106	0.259	0.051	0.479	0.178	0.453	-0.084	0.307	0.556	0.135
27_9700303	0.287	-0.041	0.158	0.204	0.922	0.205	0.279	-0.048	0.235	0.908
27_10376682	0.751	0.039	0.362	0.004	0.534	0.004	0.697	-0.019	0.006	0.624
27_12491720	0.189	-0.270	-0.025	0.219	0.099	0.514	0.082	-0.261	0.451	0.128
27_16220616	0.093	0.477	0.247	0.429	0.017	0.046	-0.127	0.367	0.418	0.094
28_4809365	1.000	0.000	0.766	0.022	1.000	0.022	1.000	0.000	0.017	1.000
28_4809466	1.000	-0.000	0.735	0.023	1.000	0.023	1.000	-0.000	0.019	1.000
Multi-locus	0.133	0.098	0.115	0.001	0.001	0.001	0.092	0.040	0.001	0.001
